,<TICKER>,<DTYYYYMMDD>,<HIGH>,<LOW>,<CLOSE>,<VALUE>,<VOL>,<OPENINT>,<PER>,<OPEN>,<LAST>
0,Parsian,20101114,3305.0,3300.0,3304.0,178896400000,54140000,606,D,1000.0,3305.0
1,Parsian,20101115,3436.0,3436.0,3436.0,1954809120,568920,24,D,3304.0,3436.0
2,Parsian,20101116,3573.0,3573.0,3519.0,1185342750,331750,22,D,3436.0,3573.0
3,Parsian,20101120,3659.0,3659.0,3529.0,148006550,40450,18,D,3519.0,3659.0
4,Parsian,20101121,3670.0,3670.0,3537.0,110283500,30050,16,D,3529.0,3670.0
5,Parsian,20101122,3678.0,3678.0,3559.0,320353800,87100,27,D,3537.0,3678.0
6,Parsian,20101123,3701.0,3701.0,3563.0,53331410,14410,10,D,3559.0,3701.0
7,Parsian,20101124,3705.0,3705.0,3574.0,164331570,44354,15,D,3563.0,3705.0
8,Parsian,20101127,3716.0,3716.0,3589.0,216271200,58200,26,D,3574.0,3716.0
9,Parsian,20101128,3732.0,3732.0,3614.0,355491660,95255,38,D,3589.0,3732.0
10,Parsian,20101129,3758.0,3758.0,3627.0,184893600,49200,18,D,3614.0,3758.0
11,Parsian,20101130,3772.0,3772.0,3772.0,2078372000,551000,67,D,3627.0,3772.0
12,Parsian,20101201,3922.0,3922.0,3922.0,19378954980,4941090,1161,D,3772.0,3922.0
13,Parsian,20101204,4078.0,4051.0,4078.0,112974878052,27704244,7718,D,3922.0,4078.0
14,Parsian,20101205,4160.0,3915.0,3999.0,48812650694,12205377,3765,D,4078.0,3915.0
15,Parsian,20101206,3950.0,3840.0,3862.0,10549072032,2731460,716,D,3999.0,3840.0
16,Parsian,20101207,3925.0,3759.0,3837.0,16591784607,4324237,1039,D,3862.0,3830.0
17,Parsian,20101208,3884.0,3837.0,3853.0,4712031644,1222850,336,D,3837.0,3841.0
18,Parsian,20101211,3924.0,3857.0,3894.0,6004665976,1541901,374,D,3853.0,3860.0
19,Parsian,20101212,3900.0,3775.0,3812.0,4353791657,1142277,299,D,3894.0,3790.0
20,Parsian,20101213,3899.0,3790.0,3848.0,11420024970,2967604,614,D,3812.0,3833.0
21,Parsian,20101214,3850.0,3791.0,3813.0,3501153201,918310,258,D,3848.0,3800.0
22,Parsian,20101218,3820.0,3661.0,3698.0,7499197473,2027940,481,D,3813.0,3670.0
23,Parsian,20101219,3639.0,3551.0,3565.0,11861283074,3327297,657,D,3698.0,3551.0
24,Parsian,20101220,3707.0,3471.0,3655.0,5629239620,1540082,364,D,3565.0,3707.0
25,Parsian,20101221,3750.0,3681.0,3725.0,2470765631,663334,256,D,3655.0,3720.0
26,Parsian,20101222,3738.0,3680.0,3696.0,3686908380,997474,205,D,3725.0,3683.0
27,Parsian,20101225,3800.0,3716.0,3770.0,2898095207,768715,236,D,3696.0,3778.0
28,Parsian,20101226,3800.0,3670.0,3736.0,4443634267,1189332,288,D,3770.0,3670.0
29,Parsian,20101227,3700.0,3610.0,3632.0,3828529957,1054000,269,D,3736.0,3640.0
30,Parsian,20101228,3640.0,3605.0,3612.0,3147588251,871372,257,D,3632.0,3610.0
31,Parsian,20101229,3689.0,3510.0,3587.0,11037444750,3077219,483,D,3612.0,3510.0
32,Parsian,20110101,3610.0,3519.0,3552.0,4525291653,1274108,258,D,3587.0,3535.0
33,Parsian,20110102,3618.0,3549.0,3594.0,4203107522,1169335,211,D,3552.0,3571.0
34,Parsian,20110103,3616.0,3532.0,3567.0,3586008839,1005400,248,D,3594.0,3533.0
35,Parsian,20110104,3700.0,3551.0,3638.0,8498341273,2335799,420,D,3567.0,3700.0
36,Parsian,20110105,3783.0,3700.0,3770.0,5254067523,1393785,408,D,3638.0,3783.0
37,Parsian,20110108,3850.0,3642.0,3699.0,6157670591,1664649,367,D,3770.0,3650.0
38,Parsian,20110109,3709.0,3631.0,3680.0,8726832304,2371164,430,D,3699.0,3670.0
39,Parsian,20110110,3740.0,3600.0,3647.0,5804675289,1591471,331,D,3680.0,3605.0
40,Parsian,20110111,3690.0,3600.0,3638.0,2930932640,805751,234,D,3647.0,3610.0
41,Parsian,20110112,3650.0,3605.0,3618.0,3725982649,1029839,226,D,3638.0,3616.0
42,Parsian,20110115,3645.0,3592.0,3612.0,2150544616,595338,175,D,3618.0,3610.0
43,Parsian,20110116,3660.0,3610.0,3632.0,4160410747,1145397,226,D,3612.0,3644.0
44,Parsian,20110117,3658.0,3580.0,3594.0,6558431590,1825057,281,D,3632.0,3600.0
45,Parsian,20110118,3635.0,3590.0,3603.0,3803186712,1055692,225,D,3594.0,3609.0
46,Parsian,20110119,3667.0,3610.0,3637.0,9296097999,2556040,360,D,3603.0,3650.0
47,Parsian,20110122,3782.0,3646.0,3739.0,7057647507,1887574,290,D,3637.0,3782.0
48,Parsian,20110123,3809.0,3681.0,3757.0,7592897418,2021163,392,D,3739.0,3729.0
49,Parsian,20110124,3738.0,3683.0,3708.0,4780148227,1289097,240,D,3757.0,3711.0
50,Parsian,20110126,3690.0,3631.0,3655.0,9331977186,2553338,450,D,3708.0,3650.0
51,Parsian,20110129,3650.0,3610.0,3634.0,2699190600,742753,234,D,3655.0,3620.0
52,Parsian,20110130,3649.0,3601.0,3623.0,2918291788,805437,224,D,3634.0,3620.0
53,Parsian,20110131,3629.0,3591.0,3608.0,6481219183,1796266,333,D,3623.0,3610.0
54,Parsian,20110201,3695.0,3590.0,3647.0,6900383393,1892037,324,D,3608.0,3650.0
55,Parsian,20110205,3700.0,3607.0,3645.0,7515440798,2061810,320,D,3647.0,3610.0
56,Parsian,20110206,3639.0,3602.0,3610.0,3555454004,984875,251,D,3645.0,3606.0
57,Parsian,20110207,3638.0,3584.0,3601.0,14488565928,4023717,422,D,3610.0,3591.0
58,Parsian,20110208,3634.0,3580.0,3599.0,3515510518,976702,216,D,3601.0,3580.0
59,Parsian,20110209,3600.0,3562.0,3576.0,3379682797,945190,153,D,3599.0,3567.0
60,Parsian,20110212,3593.0,3540.0,3575.0,2374331263,664158,164,D,3576.0,3547.0
61,Parsian,20110213,3600.0,3532.0,3577.0,2700721867,754947,182,D,3575.0,3581.0
62,Parsian,20110214,3619.0,3550.0,3567.0,3976479770,1114692,237,D,3577.0,3550.0
63,Parsian,20110215,3585.0,3520.0,3545.0,2401436585,677326,207,D,3567.0,3521.0
64,Parsian,20110216,3512.0,3426.0,3484.0,1863851225,535275,157,D,3545.0,3451.0
65,Parsian,20110219,3450.0,3371.0,3405.0,5023165591,1475320,256,D,3484.0,3371.0
66,Parsian,20110220,3400.0,3353.0,3367.0,2561034694,760593,158,D,3405.0,3367.0
67,Parsian,20110222,3449.0,3370.0,3401.0,1374721663,402784,116,D,3367.0,3410.0
68,Parsian,20110223,3490.0,3430.0,3473.0,2407426909,693131,157,D,3401.0,3442.0
69,Parsian,20110226,3549.0,3452.0,3500.0,2792880783,798079,235,D,3473.0,3452.0
70,Parsian,20110227,3499.0,3400.0,3429.0,2113800339,616452,168,D,3500.0,3410.0
71,Parsian,20110228,3430.0,3360.0,3385.0,2002444945,591481,129,D,3429.0,3374.0
72,Parsian,20110301,3389.0,3355.0,3374.0,1373633409,407562,97,D,3385.0,3359.0
73,Parsian,20110302,3460.0,3365.0,3391.0,1654397687,487611,137,D,3374.0,3375.0
74,Parsian,20110305,3450.0,3390.0,3409.0,1078456393,315056,112,D,3391.0,3400.0
75,Parsian,20110306,3448.0,3391.0,3410.0,1144240055,335478,129,D,3409.0,3408.0
76,Parsian,20110307,3430.0,3370.0,3389.0,1360579333,402306,88,D,3410.0,3380.0
77,Parsian,20110308,3397.0,3364.0,3380.0,1296449951,384018,91,D,3389.0,3380.0
78,Parsian,20110309,3390.0,3360.0,3371.0,2522780627,748349,131,D,3380.0,3380.0
79,Parsian,20110312,3390.0,3237.0,3261.0,11518353244,3532092,566,D,3371.0,3304.0
80,Parsian,20110313,3350.0,3290.0,3320.0,1733244484,521517,141,D,3261.0,3330.0
81,Parsian,20110314,3399.0,3300.0,3334.0,2136340077,640836,149,D,3320.0,3301.0
82,Parsian,20110315,3384.0,3279.0,3307.0,1970255150,595815,150,D,3334.0,3299.0
83,Parsian,20110316,3377.0,3314.0,3348.0,2249772200,671899,125,D,3307.0,3349.0
84,Parsian,20110319,3398.0,3332.0,3368.0,3161137058,938464,197,D,3348.0,3386.0
85,Parsian,20110326,3499.0,3399.0,3423.0,1326669265,384926,115,D,3368.0,3459.0
86,Parsian,20110327,3498.0,3287.0,3400.0,2201487937,647412,180,D,3423.0,3362.0
87,Parsian,20110328,3373.0,3290.0,3321.0,3526832556,1061840,157,D,3400.0,3301.0
88,Parsian,20110329,3369.0,3300.0,3309.0,5194962138,1569810,227,D,3321.0,3320.0
89,Parsian,20110330,3340.0,3280.0,3297.0,4093244692,1241600,236,D,3309.0,3281.0
90,Parsian,20110403,3339.0,3271.0,3297.0,2371308331,719133,184,D,3297.0,3325.0
91,Parsian,20110404,3428.0,3315.0,3376.0,3978859284,1178422,252,D,3297.0,3400.0
92,Parsian,20110405,3425.0,3320.0,3356.0,2156477599,642599,204,D,3376.0,3335.0
93,Parsian,20110406,3352.0,3290.0,3311.0,3477408047,1050340,230,D,3356.0,3316.0
94,Parsian,20110409,3320.0,3272.0,3295.0,6603881403,2004420,296,D,3311.0,3299.0
95,Parsian,20110410,3310.0,3281.0,3300.0,7102075942,2152421,237,D,3295.0,3297.0
96,Parsian,20110411,3308.0,3281.0,3299.0,3856724390,1168935,229,D,3300.0,3301.0
97,Parsian,20110412,3375.0,3295.0,3319.0,5069567763,1527397,231,D,3299.0,3322.0
98,Parsian,20110413,3399.0,3343.0,3378.0,2082010818,616280,179,D,3319.0,3390.0
99,Parsian,20110416,3450.0,3390.0,3406.0,3739572132,1098055,219,D,3378.0,3390.0
100,Parsian,20110417,3416.0,3300.0,3337.0,1975521815,591919,120,D,3406.0,3340.0
101,Parsian,20110418,3320.0,3297.0,3308.0,3085311340,932807,177,D,3337.0,3305.0
102,Parsian,20110419,3315.0,3285.0,3295.0,1999373298,606729,97,D,3308.0,3310.0
103,Parsian,20110420,3350.0,3294.0,3315.0,1616576093,487297,84,D,3295.0,3308.0
104,Parsian,20110423,3319.0,3291.0,3301.0,1609148919,487742,89,D,3315.0,3299.0
105,Parsian,20110424,3315.0,3299.0,3300.0,1955984142,592766,127,D,3301.0,3300.0
106,Parsian,20110425,3298.0,3250.0,3269.0,2814832834,861006,122,D,3300.0,3255.0
107,Parsian,20110426,3277.0,3258.0,3264.0,1465653592,449166,82,D,3269.0,3260.0
108,Parsian,20110427,3269.0,3150.0,3250.0,2918339805,897850,147,D,3264.0,3240.0
109,Parsian,20110430,3122.0,3120.0,3121.0,1701162114,545203,63,D,3250.0,3120.0
110,Parsian,20110501,3040.0,2997.0,2999.0,3690596566,1230713,183,D,3121.0,3040.0
111,Parsian,20110502,3118.0,3118.0,3025.0,377156398,120961,38,D,2999.0,3118.0
112,Parsian,20110503,3146.0,3146.0,3051.0,370636552,117812,29,D,3025.0,3146.0
113,Parsian,20110504,3173.0,3173.0,3084.0,478228214,150718,45,D,3051.0,3173.0
114,Parsian,20110508,3207.0,3080.0,3128.0,931477728,294256,109,D,3084.0,3150.0
115,Parsian,20110509,3192.0,3100.0,3132.0,738534917,235425,61,D,3128.0,3189.0
116,Parsian,20110510,3200.0,3142.0,3144.0,651538170,205942,67,D,3132.0,3170.0
117,Parsian,20110511,3269.0,3151.0,3227.0,3053653553,946264,171,D,3144.0,3251.0
118,Parsian,20110514,3247.0,3240.0,3227.0,35209600,10852,8,D,3227.0,3240.0
119,Parsian,20110515,3356.0,3228.0,3305.0,3135142956,948499,139,D,3227.0,3356.0
120,Parsian,20110516,3437.0,3251.0,3402.0,3888136032,1143044,194,D,3305.0,3437.0
121,Parsian,20110517,3499.0,3411.0,3442.0,2406631278,699193,183,D,3402.0,3450.0
122,Parsian,20110518,3449.0,3377.0,3428.0,3428997369,1000213,178,D,3442.0,3377.0
123,Parsian,20110521,3440.0,3291.0,3345.0,4595806385,1373786,254,D,3428.0,3440.0
124,Parsian,20110522,3380.0,3300.0,3349.0,3399451974,1015056,244,D,3345.0,3372.0
125,Parsian,20110523,3392.0,3271.0,3344.0,2214941920,662396,142,D,3349.0,3360.0
126,Parsian,20110524,3367.0,3310.0,3353.0,2016958403,601580,191,D,3344.0,3360.0
127,Parsian,20110525,3364.0,3219.0,3326.0,3943229526,1185453,234,D,3353.0,3319.0
128,Parsian,20110528,3317.0,3193.0,3295.0,518879086,161123,54,D,3326.0,3240.0
129,Parsian,20110529,3240.0,3164.0,3179.0,2075978811,652940,100,D,3295.0,3176.0
130,Parsian,20110530,3300.0,3179.0,3239.0,1356577626,416416,80,D,3179.0,3230.0
131,Parsian,20110531,3279.0,3200.0,3239.0,172664200,53241,39,D,3239.0,3260.0
132,Parsian,20110601,3265.0,3110.0,3227.0,288195610,90934,32,D,3239.0,3110.0
133,Parsian,20110606,3248.0,3100.0,3200.0,816456494,257546,38,D,3227.0,3240.0
134,Parsian,20110607,3207.0,3149.0,3192.0,567063272,178515,44,D,3200.0,3199.0
135,Parsian,20110608,3200.0,3140.0,3173.0,945784360,299653,60,D,3192.0,3170.0
136,Parsian,20110611,3120.0,3047.0,3122.0,979165036,317429,47,D,3173.0,3100.0
137,Parsian,20110612,3118.0,3000.0,3113.0,458385833,148348,36,D,3122.0,3090.0
138,Parsian,20110613,3113.0,3050.0,3100.0,1062104867,343547,49,D,3113.0,3100.0
139,Parsian,20110614,3100.0,3021.0,3071.0,714783880,235671,39,D,3100.0,3028.0
140,Parsian,20110615,3096.0,3010.0,3036.0,1484947096,489721,59,D,3071.0,3096.0
141,Parsian,20110618,3154.0,3062.0,3042.0,193706017,62760,23,D,3036.0,3062.0
142,Parsian,20110619,3137.0,3042.0,3045.0,201938762,65770,30,D,3042.0,3070.0
143,Parsian,20110620,3100.0,3030.0,3046.0,310469655,101727,19,D,3045.0,3030.0
144,Parsian,20110621,3080.0,3021.0,3045.0,190803780,62885,19,D,3046.0,3035.0
145,Parsian,20110622,3070.0,3026.0,3038.0,1000793468,329903,29,D,3045.0,3040.0
146,Parsian,20110625,3070.0,3020.0,3038.0,308935976,101662,33,D,3038.0,3041.0
147,Parsian,20110626,3039.0,2990.0,3017.0,1071995853,356745,71,D,3038.0,3029.0
148,Parsian,20110627,3020.0,2897.0,2985.0,974298168,328849,91,D,3017.0,2999.0
149,Parsian,20110628,3007.0,2920.0,2985.0,1124430275,376646,69,D,2985.0,3007.0
150,Parsian,20110629,3104.0,3007.0,3090.0,1752607638,567276,103,D,2985.0,3100.0
151,Parsian,20110702,3213.0,3141.0,3200.0,2107329871,658584,118,D,3090.0,3213.0
152,Parsian,20110703,3280.0,3152.0,3227.0,1922003040,595588,112,D,3200.0,3249.0
153,Parsian,20110704,3255.0,3175.0,3210.0,7819074810,2435824,345,D,3227.0,3200.0
154,Parsian,20110709,2880.0,2850.0,2867.0,813624549,283807,23,D,3210.0,2877.0
155,Parsian,20110710,2840.0,2753.0,2799.0,902136513,327622,74,D,2867.0,2753.0
156,Parsian,20110711,2790.0,2688.0,2765.0,459014123,170665,25,D,2799.0,2790.0
157,Parsian,20110712,2718.0,2655.0,2720.0,614747933,231192,37,D,2765.0,2655.0
158,Parsian,20110713,2692.0,2631.0,2716.0,104915426,39362,16,D,2720.0,2631.0
159,Parsian,20110716,2625.0,2608.0,2707.0,122543816,46977,20,D,2716.0,2625.0
160,Parsian,20110718,2690.0,2599.0,2701.0,90736741,34659,24,D,2707.0,2599.0
161,Parsian,20110719,2619.0,2593.0,2688.0,194729979,74839,34,D,2701.0,2607.0
162,Parsian,20110720,2605.0,2581.0,2650.0,510413539,197620,50,D,2688.0,2581.0
163,Parsian,20110723,2627.0,2544.0,2632.0,414413134,160139,54,D,2650.0,2600.0
164,Parsian,20110724,2737.0,2600.0,2639.0,237322939,88744,45,D,2632.0,2660.0
165,Parsian,20110725,2729.0,2650.0,2644.0,151889844,56457,21,D,2639.0,2650.0
166,Parsian,20110726,2700.0,2650.0,2645.0,56040542,21026,13,D,2644.0,2650.0
167,Parsian,20110727,2690.0,2540.0,2625.0,323037080,126293,25,D,2645.0,2540.0
168,Parsian,20110730,2671.0,2553.0,2618.0,152037570,59300,13,D,2625.0,2600.0
169,Parsian,20110731,2599.0,2514.0,2602.0,236586199,93653,47,D,2618.0,2514.0
170,Parsian,20110801,2599.0,2498.0,2585.0,298582400,118375,52,D,2602.0,2498.0
171,Parsian,20110802,2599.0,2498.0,2582.0,233822202,91124,32,D,2585.0,2528.0
172,Parsian,20110803,2580.0,2509.0,2558.0,789587901,310960,72,D,2582.0,2560.0
173,Parsian,20110806,2599.0,2505.0,2558.0,835466007,326625,65,D,2558.0,2540.0
174,Parsian,20110807,2599.0,2510.0,2567.0,544532869,211044,38,D,2558.0,2580.0
175,Parsian,20110808,2585.0,2537.0,2562.0,778762346,304432,36,D,2567.0,2576.0
176,Parsian,20110809,2596.0,2540.0,2562.0,232694579,90812,27,D,2562.0,2593.0
177,Parsian,20110810,2595.0,2535.0,2563.0,186344775,72528,21,D,2562.0,2580.0
178,Parsian,20110813,2590.0,2539.0,2553.0,1338389176,524274,42,D,2563.0,2560.0
179,Parsian,20110814,2589.0,2554.0,2558.0,404172611,157247,30,D,2553.0,2576.0
180,Parsian,20110815,2600.0,2541.0,2559.0,515243458,201111,31,D,2558.0,2568.0
181,Parsian,20110816,2565.0,2523.0,2547.0,541731683,214329,32,D,2559.0,2525.0
182,Parsian,20110817,2548.0,2492.0,2515.0,1260098780,501654,62,D,2547.0,2500.0
183,Parsian,20110820,2500.0,2460.0,2504.0,455191518,183363,40,D,2515.0,2481.0
184,Parsian,20110821,2500.0,2404.0,2432.0,2454702038,1009273,62,D,2504.0,2412.0
185,Parsian,20110823,2500.0,2450.0,2442.0,316385273,127916,32,D,2432.0,2500.0
186,Parsian,20110824,2525.0,2500.0,2458.0,322930475,128558,34,D,2442.0,2510.0
187,Parsian,20110827,2510.0,2452.0,2458.0,40381046,16442,17,D,2458.0,2452.0
188,Parsian,20110828,2440.0,2400.0,2456.0,106254660,43748,8,D,2458.0,2422.0
189,Parsian,20110829,2449.0,2417.0,2453.0,132666207,54669,19,D,2456.0,2443.0
190,Parsian,20110830,2455.0,2419.0,2446.0,589688801,241909,21,D,2453.0,2452.0
191,Parsian,20110903,2489.0,2425.0,2448.0,150719284,61280,18,D,2446.0,2451.0
192,Parsian,20110904,2472.0,2460.0,2449.0,45580524,18488,12,D,2448.0,2471.0
193,Parsian,20110905,2500.0,2461.0,2450.0,31913450,12831,9,D,2449.0,2485.0
194,Parsian,20110906,2520.0,2440.0,2460.0,370139767,148844,28,D,2450.0,2486.0
195,Parsian,20110907,2510.0,2463.0,2462.0,182984987,73835,19,D,2460.0,2500.0
196,Parsian,20110910,2533.0,2480.0,2472.0,329944799,131674,48,D,2462.0,2533.0
197,Parsian,20110911,2570.0,2500.0,2527.0,863947729,337301,60,D,2472.0,2570.0
198,Parsian,20110912,2625.0,2578.0,2544.0,307003982,117877,38,D,2527.0,2605.0
199,Parsian,20110913,2645.0,2624.0,2603.0,909123665,344513,49,D,2544.0,2645.0
200,Parsian,20110914,2707.0,2666.0,2638.0,547355296,202779,77,D,2603.0,2666.0
201,Parsian,20110917,2675.0,2562.0,2643.0,565689263,213484,27,D,2638.0,2563.0
202,Parsian,20110918,2675.0,2564.0,2640.0,286542326,109033,31,D,2643.0,2610.0
203,Parsian,20110919,2638.0,2593.0,2601.0,2109379292,810933,60,D,2640.0,2600.0
204,Parsian,20110920,2669.0,2620.0,2623.0,847862198,321234,51,D,2601.0,2669.0
205,Parsian,20110921,2727.0,2623.0,2680.0,910642873,335212,61,D,2623.0,2727.0
206,Parsian,20110925,2750.0,2575.0,2679.0,251353957,93942,32,D,2680.0,2690.0
207,Parsian,20110926,2730.0,2651.0,2693.0,803096995,296999,70,D,2679.0,2730.0
208,Parsian,20110927,2800.0,2730.0,2753.0,922519531,330234,52,D,2693.0,2800.0
209,Parsian,20110928,2863.0,2800.0,2863.0,105466215608,36837778,82,D,2753.0,2863.0
210,Parsian,20111001,2977.0,2749.0,2807.0,109048879384,38849261,223,D,2863.0,2899.0
211,Parsian,20111002,2919.0,2841.0,2917.0,7402887759,2537694,240,D,2807.0,2919.0
212,Parsian,20111003,2977.0,2820.0,2898.0,2955810100,1019897,134,D,2917.0,2840.0
213,Parsian,20111004,2880.0,2783.0,2873.0,441463590,157029,43,D,2898.0,2783.0
214,Parsian,20111005,2759.0,2759.0,2851.0,291242799,105561,7,D,2873.0,2759.0
215,Parsian,20111008,2737.0,2737.0,2816.0,466658500,170500,14,D,2851.0,2737.0
216,Parsian,20111009,2704.0,2704.0,2815.0,16224000,6000,2,D,2816.0,2704.0
217,Parsian,20111010,2703.0,2703.0,2815.0,27030,10,1,D,2815.0,2703.0
218,Parsian,20111011,2703.0,2703.0,2804.0,145640343,53881,6,D,2815.0,2703.0
219,Parsian,20111012,2676.0,2581.0,2592.0,2460440113,949194,140,D,2804.0,2585.0
220,Parsian,20111015,2586.0,2489.0,2577.0,230253037,92056,47,D,2592.0,2510.0
221,Parsian,20111016,2475.0,2474.0,2478.0,1306306475,527997,75,D,2577.0,2474.0
222,Parsian,20111017,2449.0,2379.0,2401.0,1132255085,474061,76,D,2478.0,2381.0
223,Parsian,20111018,2497.0,2400.0,2434.0,572878949,231131,47,D,2401.0,2497.0
224,Parsian,20111019,2531.0,2530.0,2444.0,140297179,55434,18,D,2434.0,2531.0
225,Parsian,20111022,2541.0,2541.0,2462.0,266345079,104819,16,D,2444.0,2541.0
226,Parsian,20111023,2560.0,2560.0,2474.0,168473600,65810,8,D,2462.0,2560.0
227,Parsian,20111024,2572.0,2416.0,2544.0,1436892800,564724,84,D,2474.0,2518.0
228,Parsian,20111025,2550.0,2480.0,2537.0,274998463,109649,39,D,2544.0,2486.0
229,Parsian,20111026,2550.0,2443.0,2521.0,434074859,174580,70,D,2537.0,2459.0
230,Parsian,20111029,2519.0,2421.0,2499.0,324993556,133730,42,D,2521.0,2469.0
231,Parsian,20111030,2489.0,2403.0,2472.0,454876416,187948,37,D,2499.0,2403.0
232,Parsian,20111031,2430.0,2376.0,2442.0,580680336,241604,66,D,2472.0,2408.0
233,Parsian,20111101,2429.0,2347.0,2419.0,369843944,156632,69,D,2442.0,2351.0
234,Parsian,20111102,2420.0,2360.0,2386.0,1326850069,556134,82,D,2419.0,2420.0
235,Parsian,20111105,2450.0,2320.0,2399.0,129882273775,54132769,85,D,2386.0,2320.0
236,Parsian,20111106,2400.0,2320.0,2399.0,46133565711,19227196,52,D,2399.0,2341.0
237,Parsian,20111108,2311.0,2304.0,2393.0,84509740,36650,8,D,2399.0,2304.0
238,Parsian,20111109,2370.0,2298.0,2365.0,517821319,222833,42,D,2393.0,2350.0
239,Parsian,20111112,2397.0,2310.0,2361.0,320770898,136637,34,D,2365.0,2332.0
240,Parsian,20111113,2312.0,2272.0,2351.0,193364042,84192,35,D,2361.0,2300.0
241,Parsian,20111114,2340.0,2257.0,2337.0,202745957,89493,33,D,2351.0,2258.0
242,Parsian,20111116,2324.0,2250.0,2316.0,393602141,173405,33,D,2337.0,2269.0
243,Parsian,20111119,2270.0,2255.0,2297.0,419050810,185532,35,D,2316.0,2256.0
244,Parsian,20111120,2300.0,2206.0,2264.0,735831616,328361,79,D,2297.0,2211.0
245,Parsian,20111121,2247.0,2174.0,2239.0,364631345,167209,40,D,2264.0,2247.0
246,Parsian,20111122,2190.0,2150.0,2150.0,1195400446,555900,43,D,2239.0,2150.0
247,Parsian,20111123,2100.0,2064.0,2067.0,1229898656,594893,119,D,2150.0,2064.0
248,Parsian,20111126,2097.0,1987.0,2005.0,1246852169,621973,50,D,2067.0,1987.0
249,Parsian,20111127,2005.0,1925.0,1960.0,1406755580,717780,46,D,2005.0,1925.0
250,Parsian,20111128,1935.0,1882.0,1887.0,4235498488,2244884,141,D,1960.0,1882.0
251,Parsian,20111129,1962.0,1918.0,1902.0,216953200,110600,11,D,1887.0,1962.0
252,Parsian,20111130,1978.0,1978.0,1936.0,487454364,246438,32,D,1902.0,1978.0
253,Parsian,20111203,2013.0,2013.0,2013.0,1109163000,551000,28,D,1936.0,2013.0
254,Parsian,20111204,2093.0,2093.0,2045.0,458574207,219099,13,D,2013.0,2093.0
255,Parsian,20111207,2126.0,2126.0,2113.0,978161970,460095,19,D,2045.0,2126.0
256,Parsian,20111210,2197.0,2197.0,2146.0,476212932,216756,21,D,2113.0,2197.0
257,Parsian,20111211,2309.0,2217.0,2268.0,1546545975,681836,93,D,2146.0,2217.0
258,Parsian,20111212,2178.0,2178.0,2258.0,135650196,62282,9,D,2268.0,2178.0
259,Parsian,20111213,2303.0,2168.0,2195.0,3883843908,1769435,210,D,2258.0,2170.0
260,Parsian,20111214,2242.0,2109.0,2168.0,533897861,250069,71,D,2195.0,2148.0
261,Parsian,20111217,2150.0,2082.0,2138.0,465018531,222173,57,D,2168.0,2082.0
262,Parsian,20111218,2180.0,2081.0,2132.0,620665867,291894,68,D,2138.0,2160.0
263,Parsian,20111219,2200.0,2140.0,2175.0,1467601123,674865,81,D,2132.0,2142.0
264,Parsian,20111220,2190.0,2120.0,2170.0,180773440,84333,26,D,2175.0,2121.0
265,Parsian,20111221,2169.0,2087.0,2157.0,416231115,195152,35,D,2170.0,2111.0
266,Parsian,20111224,2158.0,2081.0,2134.0,587337065,278146,44,D,2157.0,2134.0
267,Parsian,20111225,2160.0,2050.0,2102.0,1313690900,624837,97,D,2134.0,2050.0
268,Parsian,20111226,2105.0,2052.0,2099.0,486608052,232230,40,D,2102.0,2100.0
269,Parsian,20111227,2100.0,2050.0,2091.0,296483549,143223,35,D,2099.0,2061.0
270,Parsian,20111228,2159.0,2090.0,2123.0,831562838,389230,49,D,2091.0,2091.0
271,Parsian,20111231,2190.0,2125.0,2153.0,702368090,323000,51,D,2123.0,2140.0
272,Parsian,20120101,2139.0,2071.0,2123.0,604336813,288351,63,D,2153.0,2071.0
273,Parsian,20120102,2178.0,2100.0,2153.0,864147947,399309,55,D,2123.0,2110.0
274,Parsian,20120103,2140.0,2081.0,2113.0,733302111,350884,72,D,2153.0,2081.0
275,Parsian,20120104,2137.0,2080.0,2116.0,923177976,436243,60,D,2113.0,2091.0
276,Parsian,20120107,2090.0,2051.0,2080.0,935058715,451353,78,D,2116.0,2061.0
277,Parsian,20120108,2110.0,2040.0,2057.0,879114384,428622,52,D,2080.0,2050.0
278,Parsian,20120109,2070.0,2035.0,2054.0,1282922408,624452,84,D,2057.0,2070.0
279,Parsian,20120110,2100.0,2066.0,2070.0,646031816,310359,57,D,2054.0,2080.0
280,Parsian,20120111,2130.0,2087.0,2088.0,691045279,329129,73,D,2070.0,2092.0
281,Parsian,20120115,2113.0,2087.0,2089.0,263049558,125645,34,D,2088.0,2090.0
282,Parsian,20120116,2100.0,2061.0,2084.0,587936220,282847,84,D,2089.0,2074.0
283,Parsian,20120117,2085.0,2046.0,2075.0,606643334,293474,59,D,2084.0,2046.0
284,Parsian,20120118,2079.0,2030.0,2049.0,877740341,429960,78,D,2075.0,2040.0
285,Parsian,20120121,2030.0,1994.0,2013.0,852777198,425942,68,D,2049.0,2002.0
286,Parsian,20120123,1999.0,1933.0,1966.0,850277598,435227,122,D,2013.0,1933.0
287,Parsian,20120125,1901.0,1888.0,1898.0,933929458,494006,110,D,1966.0,1889.0
288,Parsian,20120128,1973.0,1973.0,1953.0,796454721,403677,80,D,1898.0,1973.0
289,Parsian,20120129,2020.0,1895.0,1943.0,800328925,412679,102,D,1953.0,1895.0
290,Parsian,20120130,1910.0,1875.0,1923.0,414764944,219000,47,D,1943.0,1880.0
291,Parsian,20120131,1970.0,1851.0,1918.0,196099717,103347,34,D,1923.0,1900.0
292,Parsian,20120201,1928.0,1860.0,1907.0,307560454,163534,52,D,1918.0,1860.0
293,Parsian,20120204,1915.0,1882.0,1906.0,197619190,104034,29,D,1907.0,1883.0
294,Parsian,20120205,1910.0,1876.0,1906.0,95632710566,50175419,26,D,1906.0,1900.0
295,Parsian,20120206,1909.0,1870.0,1906.0,61179313402,32099210,34,D,1906.0,1883.0
296,Parsian,20120207,1935.0,1919.0,1910.0,296902827,154520,69,D,1906.0,1920.0
297,Parsian,20120208,1911.0,1877.0,1906.0,160384048,85009,21,D,1910.0,1900.0
298,Parsian,20120212,1921.0,1870.0,1905.0,150904412,79526,31,D,1906.0,1879.0
299,Parsian,20120213,1909.0,1859.0,1897.0,438221045,232351,44,D,1905.0,1859.0
300,Parsian,20120214,1914.0,1822.0,1857.0,545013050,298875,71,D,1897.0,1822.0
301,Parsian,20120215,1909.0,1822.0,1857.0,53444850,28700,16,D,1857.0,1822.0
302,Parsian,20120218,1839.0,1800.0,1843.0,282852993,156409,36,D,1857.0,1819.0
303,Parsian,20120219,1828.0,1781.0,1827.0,304369829,169788,50,D,1843.0,1781.0
304,Parsian,20120220,1820.0,1776.0,1815.0,517840748,287130,59,D,1827.0,1800.0
305,Parsian,20120221,1887.0,1818.0,1831.0,591588094,321121,24,D,1815.0,1887.0
306,Parsian,20120222,1904.0,1904.0,1871.0,571200000,300000,18,D,1831.0,1904.0
307,Parsian,20120225,1945.0,1945.0,1945.0,1128100000,580000,22,D,1871.0,1945.0
308,Parsian,20120226,2022.0,2022.0,1952.0,101100000,50000,7,D,1945.0,2022.0
309,Parsian,20120227,2030.0,2030.0,1966.0,203000000,100000,6,D,1952.0,2030.0
310,Parsian,20120228,2044.0,2044.0,1994.0,408800000,200000,9,D,1966.0,2044.0
311,Parsian,20120229,2239.0,2153.0,2234.0,11097100881,4968384,514,D,1994.0,2239.0
312,Parsian,20120303,2320.0,2233.0,2280.0,2438080850,1069544,197,D,2234.0,2260.0
313,Parsian,20120304,2371.0,2210.0,2340.0,6505418276,2779743,319,D,2280.0,2371.0
314,Parsian,20120305,2433.0,2320.0,2425.0,2265275822,934031,98,D,2340.0,2433.0
315,Parsian,20120306,2522.0,2480.0,2513.0,9567905682,3807158,347,D,2425.0,2522.0
316,Parsian,20120307,2613.0,2610.0,2612.0,5506022740,2107970,158,D,2513.0,2613.0
317,Parsian,20120310,2716.0,2716.0,2716.0,3877163332,1427527,44,D,2612.0,2716.0
318,Parsian,20120311,2824.0,2755.0,2822.0,14027832887,4971132,307,D,2716.0,2824.0
319,Parsian,20120312,2932.0,2775.0,2877.0,19063742091,6625588,558,D,2822.0,2800.0
320,Parsian,20120313,2788.0,2762.0,2775.0,1402500067,507080,74,D,2877.0,2762.0
321,Parsian,20120314,2760.0,2664.0,2669.0,2767646455,1037008,149,D,2775.0,2664.0
322,Parsian,20120317,2740.0,2570.0,2632.0,1447203570,549819,117,D,2669.0,2740.0
323,Parsian,20120318,2737.0,2650.0,2728.0,2419943954,887228,71,D,2632.0,2737.0
324,Parsian,20120324,2837.0,2750.0,2780.0,1248971653,447305,41,D,2728.0,2837.0
325,Parsian,20120325,2859.0,2709.0,2779.0,1240585884,446439,74,D,2780.0,2720.0
326,Parsian,20120326,2739.0,2668.0,2735.0,588545192,220516,46,D,2779.0,2671.0
327,Parsian,20120327,2700.0,2635.0,2720.0,261838167,98670,37,D,2735.0,2636.0
328,Parsian,20120328,2730.0,2619.0,2690.0,491653249,186877,47,D,2720.0,2650.0
329,Parsian,20120402,2710.0,2590.0,2686.0,67114934,25818,21,D,2690.0,2600.0
330,Parsian,20120403,2600.0,2579.0,2665.0,284616412,110329,33,D,2686.0,2579.0
331,Parsian,20120404,2559.0,2559.0,2640.0,326996697,127783,15,D,2665.0,2559.0
332,Parsian,20120407,2559.0,2535.0,2615.0,351978484,138574,34,D,2640.0,2535.0
333,Parsian,20120408,2677.0,2511.0,2596.0,4600953940,1772315,144,D,2615.0,2650.0
334,Parsian,20120409,2684.0,2500.0,2540.0,1102381358,436593,82,D,2596.0,2527.0
335,Parsian,20120410,2597.0,2465.0,2526.0,878400650,348906,67,D,2540.0,2500.0
336,Parsian,20120411,2627.0,2526.0,2587.0,990860499,379063,80,D,2526.0,2627.0
337,Parsian,20120414,2675.0,2542.0,2594.0,1033015207,397847,55,D,2587.0,2674.0
338,Parsian,20120415,2697.0,2640.0,2696.0,1613052282,598296,71,D,2594.0,2697.0
339,Parsian,20120416,2674.0,2589.0,2597.0,1379573842,531964,41,D,2696.0,2589.0
340,Parsian,20120417,2650.0,2526.0,2594.0,502250796,193936,36,D,2597.0,2650.0
341,Parsian,20120418,2669.0,2580.0,2603.0,505339490,192959,36,D,2594.0,2620.0
342,Parsian,20120421,2700.0,2530.0,2615.0,1041106566,397478,64,D,2603.0,2660.0
343,Parsian,20120422,2628.0,2553.0,2614.0,95375671,36768,18,D,2615.0,2572.0
344,Parsian,20120423,2718.0,2537.0,2683.0,2240012932,834764,149,D,2614.0,2718.0
345,Parsian,20120424,2770.0,2701.0,2716.0,1092405812,400444,104,D,2683.0,2711.0
346,Parsian,20120428,2739.0,2650.0,2710.0,937193647,346347,77,D,2716.0,2710.0
347,Parsian,20120429,2729.0,2672.0,2711.0,569363584,209975,43,D,2710.0,2728.0
348,Parsian,20120430,2750.0,2700.0,2717.0,1161258787,427088,73,D,2711.0,2719.0
349,Parsian,20120501,2735.0,2670.0,2703.0,1360774332,503604,44,D,2717.0,2735.0
350,Parsian,20120502,2760.0,2700.0,2734.0,1124365504,409663,57,D,2703.0,2750.0
351,Parsian,20120505,2780.0,2681.0,2732.0,533111153,195494,37,D,2734.0,2780.0
352,Parsian,20120506,2745.0,2700.0,2725.0,370907490,137177,15,D,2732.0,2735.0
353,Parsian,20120507,2700.0,2620.0,2708.0,325389981,122752,25,D,2725.0,2700.0
354,Parsian,20120508,2749.0,2670.0,2711.0,1928621526,711413,74,D,2708.0,2749.0
355,Parsian,20120509,2719.0,2675.0,2710.0,165373955,61297,20,D,2711.0,2695.0
356,Parsian,20120512,2740.0,2602.0,2721.0,4462548713,1640300,98,D,2710.0,2674.0
357,Parsian,20120513,2710.0,2680.0,2697.0,2176939566,807064,79,D,2721.0,2709.0
358,Parsian,20120612,2350.0,2256.0,2270.0,228098000,100500,8,D,2297.0,2256.0
359,Parsian,20120613,2200.0,2186.0,2258.0,183621876,83760,38,D,2270.0,2199.0
360,Parsian,20120616,2250.0,2175.0,2257.0,63707540,28530,11,D,2258.0,2240.0
361,Parsian,20120617,2240.0,2180.0,2253.0,106431680,48126,28,D,2257.0,2200.0
362,Parsian,20120619,2201.0,2170.0,2244.0,152479980,69894,13,D,2253.0,2170.0
363,Parsian,20120620,2175.0,2156.0,2237.0,93416205,43242,22,D,2244.0,2156.0
364,Parsian,20120623,2160.0,2148.0,2225.0,168441812,78269,27,D,2237.0,2148.0
365,Parsian,20120624,2179.0,2136.0,2192.0,472942082,220822,40,D,2225.0,2150.0
366,Parsian,20120625,2140.0,2105.0,2165.0,369127394,175232,25,D,2192.0,2105.0
367,Parsian,20120626,2085.0,2079.0,2151.0,191871150,92250,17,D,2165.0,2079.0
368,Parsian,20120627,2066.0,2065.0,2125.0,340546760,164904,22,D,2151.0,2065.0
369,Parsian,20120630,2200.0,2065.0,2129.0,166227620,77160,16,D,2125.0,2104.0
370,Parsian,20120701,2100.0,2060.0,2128.0,17660800,8480,6,D,2129.0,2100.0
371,Parsian,20120702,2213.0,2099.0,2157.0,1252861690,580803,40,D,2128.0,2180.0
372,Parsian,20120703,2200.0,2180.0,2157.0,5376900,2466,5,D,2157.0,2180.0
373,Parsian,20120704,2100.0,2071.0,2144.0,211244486,101368,22,D,2157.0,2071.0
374,Parsian,20120707,2210.0,2102.0,2144.0,30951940,14464,7,D,2144.0,2135.0
375,Parsian,20120708,2187.0,2130.0,2144.0,5524300,2580,7,D,2144.0,2130.0
376,Parsian,20120709,2081.0,2059.0,2122.0,293064336,142279,22,D,2144.0,2059.0
377,Parsian,20120710,2080.0,2038.0,2104.0,253704178,124181,37,D,2122.0,2038.0
378,Parsian,20120711,2090.0,2020.0,2097.0,100794900,49635,22,D,2104.0,2040.0
379,Parsian,20120714,2040.0,2014.0,2086.0,153568636,76224,17,D,2097.0,2014.0
380,Parsian,20120715,2040.0,2003.0,2081.0,70331663,35052,18,D,2086.0,2040.0
381,Parsian,20120716,2041.0,2000.0,2077.0,70865201,35100,14,D,2081.0,2000.0
382,Parsian,20120717,2016.0,1994.0,2073.0,64071774,32006,14,D,2077.0,1994.0
383,Parsian,20120718,2051.0,1991.0,2061.0,175032581,87635,26,D,2073.0,2021.0
384,Parsian,20120721,2009.0,1979.0,2046.0,246649017,123583,20,D,2061.0,2000.0
385,Parsian,20120722,2037.0,1966.0,2042.0,92341762,46213,15,D,2046.0,2000.0
386,Parsian,20120723,1980.0,1962.0,2032.0,141041194,71747,13,D,2042.0,1963.0
387,Parsian,20120724,2113.0,2019.0,2079.0,1418758769,682381,58,D,2032.0,2112.0
388,Parsian,20120725,2081.0,2081.0,2079.0,2081000,1000,1,D,2079.0,2081.0
389,Parsian,20120728,2162.0,2001.0,2089.0,278872297,131391,36,D,2079.0,2162.0
390,Parsian,20120729,2172.0,2090.0,2152.0,948710789,437662,93,D,2089.0,2172.0
391,Parsian,20120730,2238.0,2183.0,2232.0,9525384169,4267486,182,D,2152.0,2200.0
392,Parsian,20120731,2169.0,2143.0,2205.0,371676959,173133,29,D,2232.0,2143.0
393,Parsian,20120801,2149.0,2117.0,2191.0,218542714,102542,13,D,2205.0,2117.0
394,Parsian,20120804,2104.0,2104.0,2191.0,63120,30,1,D,2191.0,2104.0
395,Parsian,20120806,2104.0,2104.0,2191.0,6312000,3000,2,D,2191.0,2104.0
396,Parsian,20120808,2104.0,2104.0,2175.0,210400000,100000,2,D,2191.0,2104.0
397,Parsian,20120811,2088.0,2088.0,2159.0,210384792,100759,6,D,2175.0,2088.0
398,Parsian,20120812,2073.0,2073.0,2143.0,207507300,100100,6,D,2159.0,2073.0
399,Parsian,20120813,2058.0,2058.0,2127.0,208063800,101100,6,D,2143.0,2058.0
400,Parsian,20120814,2042.0,2042.0,2082.0,591636828,289734,55,D,2127.0,2042.0
401,Parsian,20120815,2058.0,1999.0,2043.0,530287891,264900,49,D,2082.0,1999.0
402,Parsian,20120818,2010.0,1966.0,2041.0,58385277,29214,13,D,2043.0,2010.0
403,Parsian,20120821,2000.0,1960.0,2016.0,349578151,177993,37,D,2041.0,1990.0
404,Parsian,20120822,2015.0,1959.0,2007.0,221477992,112191,21,D,2016.0,1998.0
405,Parsian,20120825,2019.0,1937.0,2004.0,148371372,74683,26,D,2007.0,2010.0
406,Parsian,20120826,2019.0,1924.0,1994.0,244929879,125081,38,D,2004.0,2019.0
407,Parsian,20120827,2050.0,2010.0,1995.0,30570000,15000,4,D,1994.0,2050.0
408,Parsian,20120902,2034.0,2019.0,1997.0,74497818,36871,7,D,1995.0,2020.0
409,Parsian,20120903,2044.0,2000.0,2007.0,399670010,197287,19,D,1997.0,2044.0
410,Parsian,20120904,2048.0,2001.0,2012.0,362338723,179039,35,D,2007.0,2048.0
411,Parsian,20120905,2063.0,2036.0,2022.0,249630435,121398,25,D,2012.0,2062.0
412,Parsian,20120908,2076.0,2005.0,2023.0,70542000,34550,19,D,2022.0,2070.0
413,Parsian,20120909,2088.0,2050.0,2030.0,216884082,105367,49,D,2023.0,2079.0
414,Parsian,20120910,2080.0,2000.0,2030.0,251441328,123788,25,D,2030.0,2030.0
415,Parsian,20120911,2040.0,1964.0,2026.0,204496919,101701,20,D,2030.0,2034.0
416,Parsian,20120915,2000.0,1983.0,2020.0,174367674,87620,26,D,2026.0,2000.0
417,Parsian,20120916,2050.0,1970.0,2020.0,54567300,27087,11,D,2020.0,2050.0
418,Parsian,20120917,2006.0,2000.0,2020.0,18116575,9042,8,D,2020.0,2005.0
419,Parsian,20120918,2000.0,1982.0,2013.0,273202316,137098,23,D,2020.0,2000.0
420,Parsian,20120919,2002.0,2000.0,2012.0,55514276,27740,14,D,2013.0,2002.0
421,Parsian,20120922,2092.0,1995.0,2029.0,657274365,322022,47,D,2012.0,2092.0
422,Parsian,20120923,2110.0,2098.0,2037.0,126670960,60165,28,D,2029.0,2110.0
423,Parsian,20120924,2118.0,2118.0,2041.0,63116400,29800,10,D,2037.0,2118.0
424,Parsian,20120925,2122.0,2122.0,2052.0,153011054,72107,6,D,2041.0,2122.0
425,Parsian,20120926,2134.0,2134.0,2053.0,11083996,5194,10,D,2052.0,2134.0
426,Parsian,20120929,2135.0,2135.0,2057.0,51133250,23950,12,D,2053.0,2135.0
427,Parsian,20120930,2139.0,2139.0,2060.0,39494496,18464,4,D,2057.0,2139.0
428,Parsian,20121001,2142.0,2142.0,2085.0,361565316,168798,48,D,2060.0,2142.0
429,Parsian,20121002,2168.0,2101.0,2094.0,169763195,79061,30,D,2085.0,2168.0
430,Parsian,20121003,2177.0,2171.0,2096.0,32211922,14800,8,D,2094.0,2177.0
431,Parsian,20121006,2179.0,2179.0,2097.0,14821558,6802,7,D,2096.0,2179.0
432,Parsian,20121007,2180.0,2180.0,2124.0,395665640,181498,36,D,2097.0,2180.0
433,Parsian,20121008,2208.0,2208.0,2134.0,145387968,65846,12,D,2124.0,2208.0
434,Parsian,20121009,2219.0,2141.0,2161.0,405785367,183208,42,D,2134.0,2141.0
435,Parsian,20121010,2247.0,2100.0,2203.0,976093078,441050,60,D,2161.0,2247.0
436,Parsian,20121013,2291.0,2220.0,2215.0,212406862,93346,27,D,2203.0,2289.0
437,Parsian,20121014,2299.0,2201.0,2220.0,179596544,79767,19,D,2215.0,2270.0
438,Parsian,20121015,2296.0,2160.0,2226.0,162744225,71912,21,D,2220.0,2263.0
439,Parsian,20121016,2280.0,2192.0,2226.0,78226278,35057,9,D,2226.0,2192.0
440,Parsian,20121017,2161.0,2150.0,2216.0,167952652,77906,35,D,2226.0,2156.0
441,Parsian,20121020,2200.0,2129.0,2194.0,487176502,225202,33,D,2216.0,2200.0
442,Parsian,20121021,2135.0,2107.0,2171.0,354377590,167375,19,D,2194.0,2107.0
443,Parsian,20121022,2222.0,2101.0,2169.0,45966285,21565,10,D,2171.0,2217.0
444,Parsian,20121023,2130.0,2086.0,2168.0,29321340,13890,8,D,2169.0,2111.0
445,Parsian,20121024,2230.0,2082.0,2144.0,709069555,333241,26,D,2168.0,2230.0
446,Parsian,20121027,2220.0,2150.0,2149.0,197654768,90975,18,D,2144.0,2152.0
447,Parsian,20121028,2150.0,2093.0,2143.0,139453955,66549,7,D,2149.0,2093.0
448,Parsian,20121029,2130.0,2095.0,2136.0,183679521,87510,11,D,2143.0,2099.0
449,Parsian,20121030,2128.0,2091.0,2127.0,263520380,125780,28,D,2136.0,2100.0
450,Parsian,20121031,2128.0,2101.0,2125.0,135041502,63971,12,D,2127.0,2101.0
451,Parsian,20121104,2130.0,2102.0,2124.0,136301115,64490,9,D,2125.0,2130.0
452,Parsian,20121105,2110.0,2101.0,2123.0,87839485,41740,17,D,2124.0,2110.0
453,Parsian,20121106,2100.0,2090.0,2122.0,53249040,25470,8,D,2123.0,2090.0
454,Parsian,20121107,2134.0,2100.0,2119.0,133558536,63596,15,D,2122.0,2101.0
455,Parsian,20121110,2135.0,2040.0,2117.0,114505275,54545,7,D,2119.0,2040.0
456,Parsian,20121111,2067.0,2051.0,2111.0,122036132,59176,9,D,2117.0,2067.0
457,Parsian,20121112,2192.0,2051.0,2189.0,4709041821,2150853,56,D,2111.0,2103.0
458,Parsian,20121113,2123.0,2108.0,2179.0,150900897,71515,11,D,2189.0,2115.0
459,Parsian,20121114,2199.0,2106.0,2175.0,75855286,35856,10,D,2179.0,2106.0
460,Parsian,20121117,2200.0,2090.0,2164.0,731812923,339168,24,D,2175.0,2151.0
461,Parsian,20121118,2190.0,2170.0,2164.0,4577000,2100,2,D,2164.0,2170.0
462,Parsian,20121119,2150.0,2103.0,2161.0,128481751,60248,14,D,2164.0,2150.0
463,Parsian,20121120,2150.0,2140.0,2161.0,21415000,10000,2,D,2161.0,2140.0
464,Parsian,20121121,2190.0,2140.0,2160.0,59891720,27973,6,D,2161.0,2140.0
465,Parsian,20121126,2170.0,2102.0,2158.0,58599478,27519,11,D,2160.0,2151.0
466,Parsian,20121127,2160.0,2151.0,2158.0,43397325,20175,6,D,2158.0,2151.0
467,Parsian,20121128,2190.0,2151.0,2161.0,133750636,61236,15,D,2158.0,2190.0
468,Parsian,20121201,2190.0,2121.0,2160.0,114830558,53475,16,D,2161.0,2177.0
469,Parsian,20121202,2246.0,2150.0,2169.0,353034872,161062,30,D,2160.0,2246.0
470,Parsian,20121203,2249.0,2180.0,2174.0,97850188,43959,28,D,2169.0,2249.0
471,Parsian,20121204,2260.0,2182.0,2191.0,269712391,119805,19,D,2174.0,2260.0
472,Parsian,20121205,2278.0,2161.0,2208.0,291309683,128795,20,D,2191.0,2222.0
473,Parsian,20121208,2270.0,2211.0,2210.0,79294325,35326,19,D,2208.0,2250.0
474,Parsian,20121209,2200.0,2170.0,2208.0,89050155,40733,17,D,2210.0,2200.0
475,Parsian,20121210,2230.0,2200.0,2209.0,102800090,46283,15,D,2208.0,2230.0
476,Parsian,20121211,2200.0,2191.0,2209.0,25236924,11497,6,D,2209.0,2192.0
477,Parsian,20121212,2200.0,2180.0,2207.0,95078715,43483,25,D,2209.0,2200.0
478,Parsian,20121215,2270.0,2240.0,2207.0,2292400,1010,3,D,2207.0,2240.0
479,Parsian,20121216,2250.0,2160.0,2209.0,151732042,68260,22,D,2207.0,2250.0
480,Parsian,20121217,2258.0,2121.0,2208.0,91096272,41498,22,D,2209.0,2258.0
481,Parsian,20121218,2208.0,2145.0,2206.0,49610884,22943,14,D,2208.0,2150.0
482,Parsian,20121219,2250.0,2132.0,2218.0,527515106,236141,28,D,2206.0,2250.0
483,Parsian,20121222,2200.0,2156.0,2216.0,95191116,43374,7,D,2218.0,2200.0
484,Parsian,20121223,2171.0,2151.0,2212.0,72544820,33660,9,D,2216.0,2155.0
485,Parsian,20121224,2230.0,2153.0,2211.0,153840763,69895,19,D,2212.0,2200.0
486,Parsian,20121225,2210.0,2123.0,2146.0,907674908,426722,38,D,2211.0,2210.0
487,Parsian,20121226,2229.0,2150.0,2150.0,149697850,68790,20,D,2146.0,2151.0
488,Parsian,20121229,2154.0,2152.0,2150.0,68760576,31938,11,D,2150.0,2152.0
489,Parsian,20121230,2201.0,2157.0,2155.0,124483400,56642,21,D,2150.0,2200.0
490,Parsian,20121231,2199.0,2160.0,2157.0,137751113,63537,12,D,2155.0,2163.0
491,Parsian,20130101,2198.0,2162.0,2157.0,39655982,18314,13,D,2157.0,2163.0
492,Parsian,20130102,2190.0,2160.0,2157.0,58543897,27028,11,D,2157.0,2161.0
493,Parsian,20130106,2200.0,2160.0,2157.0,30860000,14200,4,D,2157.0,2200.0
494,Parsian,20130107,2170.0,2170.0,2157.0,43400000,20000,1,D,2157.0,2170.0
495,Parsian,20130108,2170.0,2140.0,2157.0,71030496,32911,12,D,2157.0,2140.0
496,Parsian,20130109,2198.0,2145.0,2157.0,6222698,2901,2,D,2157.0,2145.0
497,Parsian,20130113,2199.0,2197.0,2158.0,32792081,14920,3,D,2157.0,2199.0
498,Parsian,20130114,2220.0,2152.0,2161.0,71366785,32362,11,D,2158.0,2200.0
499,Parsian,20130115,2200.0,2155.0,2168.0,219960755,100001,6,D,2161.0,2200.0
500,Parsian,20130116,2198.0,2156.0,2169.0,78507330,35909,9,D,2168.0,2198.0
501,Parsian,20130119,2255.0,2157.0,2183.0,363096801,163862,28,D,2169.0,2253.0
502,Parsian,20130120,2250.0,2170.0,2186.0,254142760,115545,13,D,2183.0,2240.0
503,Parsian,20130121,2191.0,2191.0,2186.0,753704,344,1,D,2186.0,2191.0
504,Parsian,20130122,2177.0,2161.0,2183.0,295866281,136155,17,D,2186.0,2163.0
505,Parsian,20130123,2106.0,2096.0,2126.0,785787363,374382,38,D,2183.0,2100.0
506,Parsian,20130126,2149.0,2100.0,2125.0,102770168,48707,17,D,2126.0,2101.0
507,Parsian,20130127,2210.0,2150.0,2144.0,301260191,136928,25,D,2125.0,2210.0
508,Parsian,20130128,2229.0,2225.0,2157.0,189565766,85054,22,D,2144.0,2229.0
509,Parsian,20130130,2243.0,2200.0,2171.0,221514000,99000,7,D,2157.0,2240.0
510,Parsian,20130202,2250.0,2172.0,2178.0,215464680,97423,13,D,2171.0,2174.0
511,Parsian,20130203,2230.0,2091.0,2180.0,395223241,180856,17,D,2178.0,2210.0
512,Parsian,20130204,2238.0,2238.0,2181.0,22380000,10000,1,D,2180.0,2238.0
513,Parsian,20130205,2250.0,2095.0,2183.0,116862706,53000,14,D,2181.0,2250.0
514,Parsian,20130206,2267.0,2100.0,2185.0,155282905,70613,28,D,2183.0,2249.0
515,Parsian,20130209,2250.0,2244.0,2187.0,44954800,20000,5,D,2185.0,2250.0
516,Parsian,20130211,2240.0,2130.0,2187.0,125001011,57099,19,D,2187.0,2230.0
517,Parsian,20130212,2270.0,2189.0,2190.0,78190960,35000,13,D,2187.0,2189.0
518,Parsian,20130213,2270.0,2120.0,2193.0,77691890,34638,32,D,2190.0,2250.0
519,Parsian,20130216,2243.0,2150.0,2194.0,47245626,21220,8,D,2193.0,2239.0
520,Parsian,20130217,2240.0,2170.0,2200.0,258278826,116100,19,D,2194.0,2240.0
521,Parsian,20130218,2250.0,2145.0,2199.0,159455335,72812,19,D,2200.0,2145.0
522,Parsian,20130219,2250.0,2237.0,2201.0,56188000,25000,7,D,2199.0,2238.0
523,Parsian,20130220,2250.0,2170.0,2200.0,70538560,32200,11,D,2201.0,2170.0
524,Parsian,20130223,2230.0,2160.0,2201.0,113016931,51215,13,D,2200.0,2200.0
525,Parsian,20130224,2219.0,2150.0,2198.0,141521351,65129,16,D,2201.0,2150.0
526,Parsian,20130225,2230.0,2111.0,2146.0,828804054,390208,32,D,2198.0,2111.0
527,Parsian,20130226,2210.0,2061.0,2137.0,252965150,120112,15,D,2146.0,2190.0
528,Parsian,20130227,2200.0,2140.0,2139.0,69661668,32000,15,D,2137.0,2199.0
529,Parsian,20130302,2134.0,2130.0,2137.0,288420240,135388,22,D,2139.0,2130.0
530,Parsian,20130303,2220.0,2131.0,2139.0,83456045,38455,22,D,2137.0,2131.0
531,Parsian,20130304,2218.0,2100.0,2137.0,716974794,335813,40,D,2139.0,2150.0
532,Parsian,20130305,2198.0,2108.0,2137.0,61398409,28783,29,D,2137.0,2165.0
533,Parsian,20130306,2200.0,2129.0,2139.0,44840625,20433,16,D,2137.0,2129.0
534,Parsian,20130309,2198.0,2133.0,2139.0,32460142,15158,11,D,2139.0,2197.0
535,Parsian,20130310,2197.0,2130.0,2139.0,38324785,17835,8,D,2139.0,2141.0
536,Parsian,20130311,2187.0,2145.0,2139.0,19406240,9000,12,D,2139.0,2146.0
537,Parsian,20130312,2160.0,2110.0,2137.0,125122767,59011,18,D,2139.0,2110.0
538,Parsian,20130313,2160.0,2120.0,2136.0,86198520,40481,5,D,2137.0,2130.0
539,Parsian,20130316,2160.0,2100.0,2136.0,7424962,3492,6,D,2136.0,2111.0
540,Parsian,20130317,2200.0,2122.0,2146.0,227803283,104179,23,D,2136.0,2122.0
541,Parsian,20130318,2231.0,2102.0,2158.0,405976296,186116,29,D,2146.0,2231.0
542,Parsian,20130326,2240.0,2170.0,2159.0,28829810,13000,7,D,2158.0,2230.0
543,Parsian,20130327,2245.0,2200.0,2159.0,4943355,2229,3,D,2159.0,2200.0
544,Parsian,20130330,2200.0,2121.0,2159.0,176703020,81810,34,D,2159.0,2121.0
545,Parsian,20130403,2207.0,2117.0,2160.0,69424360,32005,19,D,2159.0,2180.0
546,Parsian,20130406,2170.0,2170.0,2160.0,29143100,13430,4,D,2160.0,2170.0
547,Parsian,20130407,2199.0,2138.0,2161.0,39132218,17850,9,D,2160.0,2181.0
548,Parsian,20130408,2180.0,2141.0,2161.0,43675176,20191,8,D,2161.0,2179.0
549,Parsian,20130409,2191.0,2147.0,2161.0,37287479,17230,7,D,2161.0,2147.0
550,Parsian,20130410,2190.0,2185.0,2162.0,21895325,10000,5,D,2161.0,2190.0
551,Parsian,20130413,2189.0,2150.0,2162.0,18031294,8310,11,D,2162.0,2180.0
552,Parsian,20130415,2170.0,2100.0,2161.0,52975800,24810,20,D,2162.0,2140.0
553,Parsian,20130416,2180.0,2165.0,2162.0,101734625,46888,29,D,2161.0,2165.0
554,Parsian,20130420,2190.0,2121.0,2162.0,36545880,16916,8,D,2162.0,2180.0
555,Parsian,20130421,2200.0,2106.0,2162.0,33634974,15581,10,D,2162.0,2106.0
556,Parsian,20130422,2218.0,2122.0,2162.0,45801740,21072,13,D,2162.0,2122.0
557,Parsian,20130423,2199.0,2105.0,2162.0,148911772,68942,29,D,2162.0,2199.0
558,Parsian,20130424,2200.0,2151.0,2163.0,65721899,30149,14,D,2162.0,2151.0
559,Parsian,20130427,2200.0,2135.0,2164.0,49981511,22802,10,D,2163.0,2137.0
560,Parsian,20130428,2199.0,2131.0,2164.0,137449623,63570,18,D,2164.0,2131.0
561,Parsian,20130429,2197.0,2134.0,2164.0,17259820,7926,9,D,2164.0,2150.0
562,Parsian,20130430,2155.0,2135.0,2163.0,52628006,24535,12,D,2164.0,2140.0
563,Parsian,20130501,2150.0,2140.0,2163.0,11132280,5185,5,D,2163.0,2150.0
564,Parsian,20130504,2180.0,2138.0,2162.0,58377836,27134,13,D,2163.0,2141.0
565,Parsian,20130505,2195.0,2100.0,2157.0,176264862,82713,25,D,2162.0,2104.0
566,Parsian,20130506,2200.0,2180.0,2160.0,105574212,48069,23,D,2157.0,2198.0
567,Parsian,20130507,2246.0,2209.0,2169.0,129077233,57579,27,D,2160.0,2246.0
568,Parsian,20130508,2255.0,2255.0,2255.0,1535445285,680907,59,D,2169.0,2255.0
569,Parsian,20130511,2345.0,2287.0,2305.0,1501696545,651361,62,D,2255.0,2287.0
570,Parsian,20130512,2388.0,2262.0,2307.0,1862988872,807438,28,D,2305.0,2310.0
571,Parsian,20130513,2310.0,2250.0,2307.0,9732429157,4219334,116,D,2307.0,2307.0
572,Parsian,20130612,1650.0,1650.0,1650.0,247500000,150000,9,D,1624.0,1650.0
573,Parsian,20130615,1716.0,1716.0,1716.0,955880640,557040,54,D,1650.0,1716.0
574,Parsian,20130616,1784.0,1784.0,1784.0,1005726432,563748,22,D,1716.0,1784.0
575,Parsian,20130617,1855.0,1844.0,1855.0,6450715598,3477879,121,D,1784.0,1855.0
576,Parsian,20130618,1929.0,1800.0,1921.0,2989739319,1556193,158,D,1855.0,1929.0
577,Parsian,20130619,1997.0,1929.0,1992.0,2576503932,1293335,134,D,1921.0,1997.0
578,Parsian,20130622,2071.0,2070.0,2071.0,1368451646,660772,60,D,1992.0,2071.0
579,Parsian,20130623,2153.0,2100.0,2148.0,2295713934,1068679,141,D,2071.0,2100.0
580,Parsian,20130625,2184.0,2063.0,2140.0,2689685796,1256941,107,D,2148.0,2148.0
581,Parsian,20130626,2224.0,2140.0,2179.0,2171388847,996578,86,D,2140.0,2198.0
582,Parsian,20130629,2184.0,2130.0,2156.0,1796040484,832971,75,D,2179.0,2184.0
583,Parsian,20130630,2180.0,2100.0,2152.0,1190951493,553330,74,D,2156.0,2160.0
584,Parsian,20130701,2155.0,2100.0,2139.0,487763264,230002,62,D,2152.0,2113.0
585,Parsian,20130702,2140.0,2054.0,2063.0,1348223750,653407,84,D,2139.0,2062.0
586,Parsian,20130703,2140.0,2003.0,2086.0,1380090273,661678,88,D,2063.0,2063.0
587,Parsian,20130706,2169.0,2125.0,2163.0,2272684090,1050604,110,D,2086.0,2139.0
588,Parsian,20130707,2180.0,2077.0,2143.0,933147704,436589,94,D,2163.0,2077.0
589,Parsian,20130708,2154.0,2058.0,2100.0,670631125,324024,53,D,2143.0,2058.0
590,Parsian,20130709,2070.0,2030.0,2052.0,875536417,429453,77,D,2100.0,2030.0
591,Parsian,20130710,2134.0,2070.0,2105.0,866200902,407847,83,D,2052.0,2134.0
592,Parsian,20130713,2189.0,2132.0,2187.0,2151951826,984061,134,D,2105.0,2187.0
593,Parsian,20130714,2244.0,2100.0,2135.0,970862873,456928,63,D,2187.0,2100.0
594,Parsian,20130715,2135.0,2100.0,2115.0,1629460086,770400,85,D,2135.0,2100.0
595,Parsian,20130716,2160.0,2058.0,2115.0,84929729,40257,29,D,2115.0,2087.0
596,Parsian,20130717,2169.0,2115.0,2120.0,165772988,77208,38,D,2115.0,2129.0
597,Parsian,20130720,2160.0,2036.0,2106.0,466205106,223514,49,D,2120.0,2036.0
598,Parsian,20130721,2099.0,2041.0,2085.0,554602353,268782,36,D,2106.0,2060.0
599,Parsian,20130722,2147.0,2033.0,2094.0,236994033,111383,49,D,2085.0,2125.0
600,Parsian,20130723,2177.0,2120.0,2147.0,1016086781,471193,97,D,2094.0,2145.0
601,Parsian,20130724,2232.0,2127.0,2171.0,597103200,272059,77,D,2147.0,2127.0
602,Parsian,20130727,2189.0,2100.0,2157.0,600937862,280282,67,D,2171.0,2183.0
603,Parsian,20130728,2188.0,2100.0,2153.0,215632251,100896,48,D,2157.0,2129.0
604,Parsian,20130729,2169.0,2120.0,2149.0,539946637,251872,47,D,2153.0,2130.0
605,Parsian,20130731,2120.0,2070.0,2116.0,630685044,301802,66,D,2149.0,2070.0
606,Parsian,20130803,2149.0,2070.0,2115.0,305949462,144800,48,D,2116.0,2100.0
607,Parsian,20130804,2137.0,2080.0,2106.0,474071494,226542,57,D,2115.0,2136.0
608,Parsian,20130805,2138.0,2070.0,2102.0,210327094,100845,32,D,2106.0,2130.0
609,Parsian,20130806,2130.0,2080.0,2098.0,635417253,303438,44,D,2102.0,2080.0
610,Parsian,20130807,2120.0,2070.0,2088.0,748899748,359508,56,D,2098.0,2070.0
611,Parsian,20130811,2120.0,2080.0,2087.0,557930690,267352,40,D,2088.0,2120.0
612,Parsian,20130812,2130.0,2082.0,2094.0,310840823,147013,41,D,2087.0,2115.0
613,Parsian,20130813,2145.0,2100.0,2099.0,281742851,133217,46,D,2094.0,2100.0
614,Parsian,20130814,2182.0,2110.0,2155.0,862394151,396081,96,D,2099.0,2182.0
615,Parsian,20130817,2241.0,2241.0,2241.0,1488543912,664232,40,D,2155.0,2241.0
616,Parsian,20130818,2330.0,2330.0,2330.0,1385849050,594785,35,D,2241.0,2330.0
617,Parsian,20130819,2423.0,2423.0,2423.0,1332858378,550086,31,D,2330.0,2423.0
618,Parsian,20130820,2519.0,2519.0,2519.0,1589932344,631176,35,D,2423.0,2519.0
619,Parsian,20130821,2619.0,2531.0,2617.0,10759523459,4111978,382,D,2519.0,2619.0
620,Parsian,20130824,2721.0,2633.0,2709.0,3256003743,1201786,148,D,2617.0,2721.0
621,Parsian,20130825,2780.0,2601.0,2636.0,7460547701,2829810,358,D,2709.0,2601.0
622,Parsian,20130826,2600.0,2531.0,2599.0,523862092,206552,47,D,2636.0,2531.0
623,Parsian,20130827,2531.0,2496.0,2517.0,1100571801,440831,59,D,2599.0,2496.0
624,Parsian,20130828,2417.0,2417.0,2516.0,12906780,5340,7,D,2517.0,2417.0
625,Parsian,20130831,2416.0,2416.0,2513.0,39308320,16270,5,D,2516.0,2416.0
626,Parsian,20130901,2413.0,2413.0,2513.0,1254760,520,3,D,2513.0,2413.0
627,Parsian,20130903,2413.0,2413.0,2513.0,96520,40,1,D,2513.0,2413.0
628,Parsian,20130904,2413.0,2413.0,2513.0,994156,412,1,D,2513.0,2413.0
629,Parsian,20130908,2413.0,2413.0,2513.0,678053,281,1,D,2513.0,2413.0
630,Parsian,20130909,2413.0,2413.0,2513.0,542925,225,2,D,2513.0,2413.0
631,Parsian,20130910,2613.0,2413.0,2482.0,8857552144,3569225,225,D,2513.0,2613.0
632,Parsian,20130911,2581.0,2421.0,2525.0,709747823,276457,65,D,2482.0,2423.0
633,Parsian,20130914,2424.0,2424.0,2519.0,77015328,31772,8,D,2525.0,2424.0
634,Parsian,20130915,2450.0,2419.0,2445.0,979494817,404902,32,D,2519.0,2419.0
635,Parsian,20130916,2348.0,2348.0,2348.0,2352813400,1002050,39,D,2445.0,2348.0
636,Parsian,20130917,2320.0,2255.0,2258.0,2873362849,1272413,129,D,2348.0,2300.0
637,Parsian,20130918,2348.0,2258.0,2292.0,532180773,227454,43,D,2258.0,2348.0
638,Parsian,20130921,2383.0,2383.0,2307.0,219469534,92098,24,D,2292.0,2383.0
639,Parsian,20130922,2399.0,2399.0,2348.0,592987219,247181,25,D,2307.0,2399.0
640,Parsian,20130923,2441.0,2441.0,2357.0,136234651,55811,13,D,2348.0,2441.0
641,Parsian,20130924,2451.0,2304.0,2376.0,440690496,182517,54,D,2357.0,2320.0
642,Parsian,20130925,2350.0,2285.0,2360.0,400951508,172430,41,D,2376.0,2320.0
643,Parsian,20130928,2435.0,2368.0,2373.0,509865741,212943,68,D,2360.0,2370.0
644,Parsian,20130929,2350.0,2291.0,2345.0,564927344,244554,53,D,2373.0,2291.0
645,Parsian,20130930,2395.0,2280.0,2343.0,869652505,371279,55,D,2345.0,2380.0
646,Parsian,20131001,2436.0,2350.0,2380.0,729103473,302484,75,D,2343.0,2425.0
647,Parsian,20131002,2451.0,2400.0,2398.0,611159597,252706,55,D,2380.0,2400.0
648,Parsian,20131005,2420.0,2318.0,2397.0,455508365,190183,33,D,2398.0,2333.0
649,Parsian,20131006,2426.0,2304.0,2371.0,462939913,199183,60,D,2397.0,2304.0
650,Parsian,20131007,2465.0,2304.0,2427.0,1721992485,709372,111,D,2371.0,2465.0
651,Parsian,20131008,2524.0,2420.0,2519.0,3082356606,1223798,138,D,2427.0,2524.0
652,Parsian,20131009,2619.0,2619.0,2619.0,2059178274,786246,59,D,2519.0,2619.0
653,Parsian,20131012,2697.0,2515.0,2564.0,1504331359,586615,111,D,2619.0,2551.0
654,Parsian,20131013,2500.0,2462.0,2470.0,1392702712,563881,92,D,2564.0,2462.0
655,Parsian,20131014,2562.0,2381.0,2488.0,616599152,245659,49,D,2470.0,2560.0
656,Parsian,20131015,2503.0,2465.0,2492.0,458226943,183269,41,D,2488.0,2465.0
657,Parsian,20131019,2591.0,2560.0,2589.0,1730401693,668373,60,D,2492.0,2591.0
658,Parsian,20131020,2650.0,2486.0,2578.0,653308221,254574,53,D,2589.0,2486.0
659,Parsian,20131027,2650.0,2475.0,2522.0,1035277532,413594,35,D,2578.0,2520.0
660,Parsian,20131028,2597.0,2450.0,2524.0,145797650,57321,14,D,2522.0,2503.0
661,Parsian,20131029,2500.0,2426.0,2510.0,362281111,146574,26,D,2524.0,2500.0
662,Parsian,20131030,2510.0,2471.0,2508.0,216853715,86814,19,D,2510.0,2472.0
663,Parsian,20131102,2510.0,2450.0,2506.0,78494359,31825,19,D,2508.0,2460.0
664,Parsian,20131103,2600.0,2450.0,2507.0,270700284,107850,27,D,2506.0,2550.0
665,Parsian,20131104,2500.0,2415.0,2505.0,185839786,74645,23,D,2507.0,2500.0
666,Parsian,20131105,2490.0,2440.0,2502.0,119887701,48619,17,D,2505.0,2490.0
667,Parsian,20131106,2510.0,2434.0,2502.0,173505120,69447,12,D,2502.0,2500.0
668,Parsian,20131109,2500.0,2447.0,2496.0,196359261,79821,34,D,2502.0,2447.0
669,Parsian,20131110,2460.0,2416.0,2495.0,26190545,10704,6,D,2496.0,2421.0
670,Parsian,20131111,2450.0,2420.0,2487.0,145527310,60102,16,D,2495.0,2421.0
671,Parsian,20131112,2500.0,2421.0,2474.0,625089281,254173,30,D,2487.0,2500.0
672,Parsian,20131116,2550.0,2406.0,2460.0,510367451,209465,52,D,2474.0,2550.0
673,Parsian,20131117,2520.0,2414.0,2468.0,273454870,109359,22,D,2460.0,2480.0
674,Parsian,20131118,2500.0,2488.0,2474.0,267644500,107100,18,D,2468.0,2488.0
675,Parsian,20131119,2498.0,2400.0,2465.0,594544032,242342,54,D,2474.0,2498.0
676,Parsian,20131120,2489.0,2424.0,2464.0,197808997,80379,19,D,2465.0,2480.0
677,Parsian,20131123,2524.0,2482.0,2475.0,473711897,189691,48,D,2464.0,2492.0
678,Parsian,20131124,2574.0,2499.0,2571.0,5433771806,2113719,125,D,2475.0,2574.0
679,Parsian,20131125,2673.0,2673.0,2673.0,1541190321,576577,29,D,2571.0,2673.0
680,Parsian,20131126,2779.0,2779.0,2720.0,676944947,243593,33,D,2673.0,2779.0
681,Parsian,20131127,2828.0,2781.0,2825.0,8099161946,2866989,250,D,2720.0,2828.0
682,Parsian,20131130,2938.0,2938.0,2938.0,3100782828,1055406,78,D,2825.0,2938.0
683,Parsian,20131201,3054.0,2821.0,2885.0,5140222027,1781589,279,D,2938.0,2821.0
684,Parsian,20131202,2849.0,2770.0,2780.0,5392210234,1939781,217,D,2885.0,2825.0
685,Parsian,20131203,2877.0,2771.0,2825.0,2108759427,746540,135,D,2780.0,2800.0
686,Parsian,20131204,2870.0,2720.0,2780.0,1013521020,367481,91,D,2825.0,2749.0
687,Parsian,20131207,2849.0,2700.0,2776.0,588827498,212585,102,D,2780.0,2700.0
688,Parsian,20131208,2819.0,2685.0,2748.0,915922017,335445,119,D,2776.0,2700.0
689,Parsian,20131209,2769.0,2680.0,2740.0,423026348,155443,64,D,2748.0,2680.0
690,Parsian,20131210,2763.0,2643.0,2726.0,1045028017,384139,83,D,2740.0,2700.0
691,Parsian,20131211,2747.0,2670.0,2704.0,1877285537,694218,80,D,2726.0,2709.0
692,Parsian,20131214,2649.0,2603.0,2672.0,662924043,251588,63,D,2704.0,2642.0
693,Parsian,20131215,2778.0,2699.0,2728.0,2027213801,743154,132,D,2672.0,2778.0
694,Parsian,20131216,2837.0,2815.0,2780.0,771810926,272398,42,D,2728.0,2837.0
695,Parsian,20131217,2891.0,2891.0,2797.0,241441865,83515,21,D,2780.0,2891.0
696,Parsian,20131218,2908.0,2908.0,2834.0,531509700,182775,12,D,2797.0,2908.0
697,Parsian,20131221,2947.0,2947.0,2873.0,565323010,191830,18,D,2834.0,2947.0
698,Parsian,20140108,2987.0,2987.0,2987.0,3382111399,1132277,48,D,2873.0,2987.0
699,Parsian,20140111,3106.0,2873.0,3061.0,7972280477,2604234,339,D,2987.0,2930.0
700,Parsian,20140112,2950.0,2939.0,2939.0,1684184377,573043,80,D,3061.0,2939.0
701,Parsian,20140113,3001.0,2881.0,2946.0,2780781377,944026,131,D,2939.0,2959.0
702,Parsian,20140114,3045.0,2833.0,2938.0,1166065347,397230,67,D,2946.0,2866.0
703,Parsian,20140115,2882.0,2821.0,2834.0,1460799564,516619,75,D,2938.0,2834.0
704,Parsian,20140118,2800.0,2721.0,2820.0,239774106,87351,37,D,2834.0,2741.0
705,Parsian,20140120,2730.0,2708.0,2805.0,196258900,72470,11,D,2820.0,2708.0
706,Parsian,20140121,2806.0,2693.0,2699.0,3040749746,1126703,99,D,2805.0,2733.0
707,Parsian,20140122,2640.0,2593.0,2670.0,451244219,173190,45,D,2699.0,2601.0
708,Parsian,20140125,2719.0,2631.0,2673.0,265342564,98710,23,D,2670.0,2670.0
709,Parsian,20140126,2779.0,2567.0,2694.0,1409876656,523172,88,D,2673.0,2568.0
710,Parsian,20140127,2695.0,2587.0,2674.0,459983636,174734,29,D,2694.0,2695.0
711,Parsian,20140128,2780.0,2658.0,2726.0,827431826,298785,54,D,2674.0,2760.0
712,Parsian,20140129,2825.0,2771.0,2757.0,595469342,212123,43,D,2726.0,2825.0
713,Parsian,20140201,2830.0,2696.0,2804.0,1902480008,678441,108,D,2757.0,2803.0
714,Parsian,20140202,2805.0,2692.0,2757.0,1268094402,461439,86,D,2804.0,2700.0
715,Parsian,20140203,2775.0,2650.0,2758.0,705415135,255706,27,D,2757.0,2710.0
716,Parsian,20140204,2789.0,2660.0,2758.0,362036790,131174,26,D,2758.0,2749.0
717,Parsian,20140205,2868.0,2648.0,2791.0,1458878514,522420,127,D,2758.0,2868.0
718,Parsian,20140208,2809.0,2685.0,2765.0,979987664,356241,60,D,2791.0,2809.0
719,Parsian,20140209,2875.0,2810.0,2833.0,1365430439,480253,72,D,2765.0,2875.0
720,Parsian,20140210,2915.0,2851.0,2868.0,1781049236,620936,84,D,2833.0,2870.0
721,Parsian,20140212,2870.0,2800.0,2861.0,934376094,327162,60,D,2868.0,2869.0
722,Parsian,20140215,2945.0,2863.0,2868.0,428706499,148557,34,D,2861.0,2900.0
723,Parsian,20140216,2982.0,2911.0,2933.0,1093838439,369016,66,D,2868.0,2928.0
724,Parsian,20140217,3050.0,2950.0,2980.0,1104633849,367797,81,D,2933.0,2950.0
725,Parsian,20140218,3038.0,2901.0,2981.0,280624952,93917,33,D,2980.0,2975.0
726,Parsian,20140219,3080.0,2950.0,3001.0,893828567,296106,58,D,2981.0,3012.0
727,Parsian,20140222,3100.0,2960.0,3000.0,356879212,119126,41,D,3001.0,3002.0
728,Parsian,20140223,3000.0,2922.0,2998.0,173592808,58294,31,D,3000.0,2988.0
729,Parsian,20140224,2987.0,2879.0,2982.0,307374855,106595,25,D,2998.0,2880.0
730,Parsian,20140225,2960.0,2863.0,2956.0,490658760,171263,29,D,2982.0,2863.0
731,Parsian,20140226,2863.0,2838.0,2938.0,348701678,122783,34,D,2956.0,2842.0
732,Parsian,20140301,2960.0,2823.0,2936.0,54420345,19005,9,D,2938.0,2842.0
733,Parsian,20140302,2890.0,2819.0,2915.0,408691372,144770,23,D,2936.0,2880.0
734,Parsian,20140303,2819.0,2799.0,2892.0,435736143,155569,25,D,2915.0,2799.0
735,Parsian,20140304,2899.0,2782.0,2889.0,89926622,31930,8,D,2892.0,2855.0
736,Parsian,20140305,2889.0,2775.0,2883.0,185427984,65749,34,D,2889.0,2775.0
737,Parsian,20140308,2860.0,2768.0,2843.0,804270181,289806,41,D,2883.0,2819.0
738,Parsian,20140309,2825.0,2730.0,2810.0,656142809,239979,47,D,2843.0,2730.0
739,Parsian,20140310,2720.0,2698.0,2781.0,554250554,205367,35,D,2810.0,2698.0
740,Parsian,20140311,2730.0,2670.0,2762.0,418169156,155699,17,D,2781.0,2730.0
741,Parsian,20140312,2770.0,2652.0,2744.0,448461635,167507,29,D,2762.0,2735.0
742,Parsian,20140315,2839.0,2672.0,2744.0,138592327,50576,16,D,2744.0,2754.0
743,Parsian,20140316,2831.0,2701.0,2745.0,115042702,41744,26,D,2744.0,2756.0
744,Parsian,20140317,2831.0,2679.0,2748.0,339883819,123037,37,D,2745.0,2765.0
745,Parsian,20140318,2740.0,2672.0,2739.0,328511333,122080,31,D,2748.0,2740.0
746,Parsian,20140319,2799.0,2670.0,2738.0,30747865,11434,11,D,2739.0,2694.0
747,Parsian,20140325,2798.0,2750.0,2738.0,25404792,9204,6,D,2738.0,2750.0
748,Parsian,20140326,2750.0,2629.0,2730.0,169279368,64152,21,D,2738.0,2679.0
749,Parsian,20140329,2750.0,2631.0,2730.0,14821584,5546,5,D,2730.0,2750.0
750,Parsian,20140330,2796.0,2630.0,2714.0,409681050,154638,48,D,2730.0,2655.0
751,Parsian,20140331,2680.0,2630.0,2704.0,317962961,119971,44,D,2714.0,2680.0
752,Parsian,20140405,2680.0,2630.0,2701.0,139867887,52712,21,D,2704.0,2660.0
753,Parsian,20140406,2729.0,2650.0,2694.0,489904327,183453,42,D,2701.0,2670.0
754,Parsian,20140407,2720.0,2622.0,2693.0,145391278,54208,23,D,2694.0,2635.0
755,Parsian,20140408,2800.0,2660.0,2723.0,1079807175,392198,80,D,2693.0,2800.0
756,Parsian,20140409,2831.0,2802.0,2770.0,994003231,351586,67,D,2723.0,2815.0
757,Parsian,20140412,2800.0,2700.0,2770.0,54220712,19714,16,D,2770.0,2749.0
758,Parsian,20140413,2665.0,2660.0,2764.0,122385000,46000,17,D,2770.0,2660.0
759,Parsian,20140414,2870.0,2654.0,2857.0,5013684010,1754861,310,D,2764.0,2800.0
760,Parsian,20140415,2863.0,2743.0,2847.0,249775526,90243,37,D,2857.0,2820.0
761,Parsian,20140416,2850.0,2736.0,2839.0,352648830,125932,49,D,2847.0,2820.0
762,Parsian,20140419,2728.0,2726.0,2823.0,297094706,108984,17,D,2839.0,2726.0
763,Parsian,20140420,2838.0,2720.0,2823.0,31582623,11266,7,D,2823.0,2800.0
764,Parsian,20140421,2850.0,2713.0,2824.0,147493283,51948,24,D,2823.0,2850.0
765,Parsian,20140422,2860.0,2789.0,2827.0,209129901,73353,21,D,2824.0,2789.0
766,Parsian,20140423,2940.0,2789.0,2895.0,3438041402,1187651,143,D,2827.0,2940.0
767,Parsian,20140426,3010.0,2990.0,2929.0,717561071,238562,67,D,2895.0,2990.0
768,Parsian,20140427,2920.0,2844.0,2917.0,391014091,136723,35,D,2929.0,2850.0
769,Parsian,20140428,2909.0,2803.0,2899.0,11553083758,3984516,57,D,2917.0,2909.0
770,Parsian,20140429,2860.0,2791.0,2890.0,256491860,90822,26,D,2899.0,2801.0
771,Parsian,20140430,2900.0,2775.0,2883.0,157383195,56444,17,D,2890.0,2849.0
772,Parsian,20140503,2850.0,2770.0,2879.0,195937870,69137,14,D,2883.0,2780.0
773,Parsian,20140504,2850.0,2764.0,2871.0,154254435,55676,16,D,2879.0,2791.0
774,Parsian,20140505,2840.0,2761.0,2868.0,85857473,30811,16,D,2871.0,2782.0
775,Parsian,20140506,2823.0,2760.0,2863.0,168599415,60100,19,D,2868.0,2823.0
776,Parsian,20140507,2800.0,2750.0,2849.0,299207960,108200,30,D,2863.0,2755.0
777,Parsian,20140510,2847.0,2755.0,2846.0,142050591,50643,19,D,2849.0,2756.0
778,Parsian,20140511,2778.0,2733.0,2843.0,82980450,30030,8,D,2846.0,2733.0
779,Parsian,20140512,2800.0,2730.0,2822.0,579923345,209672,37,D,2843.0,2800.0
780,Parsian,20140514,2809.0,2731.0,2821.0,124737980,44578,19,D,2822.0,2750.0
781,Parsian,20140517,2799.0,2709.0,2814.0,147236893,54133,24,D,2821.0,2726.0
782,Parsian,20140518,2820.0,2750.0,2814.0,196716439,70000,25,D,2814.0,2818.0
783,Parsian,20140519,2850.0,2730.0,2813.0,165697689,59058,24,D,2814.0,2850.0
784,Parsian,20140520,2899.0,2800.0,2825.0,727423134,255385,49,D,2813.0,2899.0
785,Parsian,20140528,2420.0,2375.0,2381.0,750167332,313943,29,D,2375.0,2400.0
786,Parsian,20140531,2381.0,2350.0,2378.0,212082703,90220,13,D,2381.0,2350.0
787,Parsian,20140601,2400.0,2300.0,2375.0,403023019,170339,33,D,2378.0,2310.0
788,Parsian,20140602,2400.0,2303.0,2373.0,263323013,111391,15,D,2375.0,2400.0
789,Parsian,20140603,2440.0,2350.0,2372.0,303654752,128244,11,D,2373.0,2350.0
790,Parsian,20140607,2351.0,2310.0,2371.0,40864780,17401,8,D,2372.0,2350.0
791,Parsian,20140608,2400.0,2278.0,2370.0,45328126,19575,10,D,2371.0,2400.0
792,Parsian,20140609,2420.0,2342.0,2378.0,367542375,152551,33,D,2370.0,2350.0
793,Parsian,20140610,2378.0,2351.0,2378.0,92376256,39001,9,D,2378.0,2360.0
794,Parsian,20140611,2400.0,2330.0,2367.0,944382970,400750,18,D,2378.0,2400.0
795,Parsian,20140614,2311.0,2300.0,2363.0,112566015,48938,8,D,2367.0,2300.0
796,Parsian,20140615,2417.0,2270.0,2361.0,45129329,19690,9,D,2363.0,2278.0
797,Parsian,20140616,2390.0,2271.0,2360.0,25220779,11022,6,D,2361.0,2276.0
798,Parsian,20140617,2282.0,2272.0,2359.0,16138465,7076,8,D,2360.0,2280.0
799,Parsian,20140618,2389.0,2270.0,2356.0,87873340,38208,4,D,2359.0,2389.0
800,Parsian,20140621,2300.0,2300.0,2349.0,230011500,100005,4,D,2356.0,2300.0
801,Parsian,20140622,2370.0,2261.0,2275.0,2686241194,1180612,38,D,2349.0,2298.0
802,Parsian,20140624,2358.0,2210.0,2284.0,239249990,102000,11,D,2275.0,2358.0
803,Parsian,20140625,2375.0,2250.0,2295.0,262083473,110983,20,D,2284.0,2375.0
804,Parsian,20140629,2350.0,2231.0,2297.0,85258337,36608,14,D,2295.0,2279.0
805,Parsian,20140630,2334.0,2230.0,2295.0,258683731,113139,29,D,2297.0,2334.0
806,Parsian,20140701,2350.0,2340.0,2299.0,154933680,66084,15,D,2295.0,2340.0
807,Parsian,20140702,2385.0,2240.0,2313.0,474851994,201876,18,D,2299.0,2385.0
808,Parsian,20140705,2384.0,2375.0,2337.0,646308392,271488,12,D,2313.0,2383.0
809,Parsian,20140706,2380.0,2330.0,2337.0,9910071,4164,3,D,2337.0,2380.0
810,Parsian,20140707,2370.0,2370.0,2337.0,8295000,3500,3,D,2337.0,2370.0
811,Parsian,20140708,2430.0,2279.0,2357.0,560542190,233275,40,D,2337.0,2430.0
812,Parsian,20140709,2445.0,2280.0,2357.0,48800560,20568,6,D,2357.0,2357.0
813,Parsian,20140712,2440.0,2350.0,2359.0,56808600,23515,8,D,2357.0,2438.0
814,Parsian,20140713,2438.0,2380.0,2361.0,103672961,43189,18,D,2359.0,2438.0
815,Parsian,20140714,2371.0,2365.0,2361.0,18256808,7706,5,D,2361.0,2371.0
816,Parsian,20140715,2380.0,2360.0,2362.0,77220000,32500,8,D,2361.0,2360.0
817,Parsian,20140716,2430.0,2360.0,2362.0,7066080,2978,5,D,2362.0,2380.0
818,Parsian,20140720,2380.0,2360.0,2362.0,14672500,6200,7,D,2362.0,2360.0
819,Parsian,20140721,2413.0,2380.0,2376.0,1408022010,591583,20,D,2362.0,2413.0
820,Parsian,20140722,2370.0,2360.0,2375.0,189713000,80300,18,D,2376.0,2360.0
821,Parsian,20140723,2360.0,2360.0,2375.0,2714000,1150,3,D,2375.0,2360.0
822,Parsian,20140726,2470.0,2400.0,2425.0,1040731794,421856,37,D,2375.0,2469.0
823,Parsian,20140727,2521.0,2342.0,2420.0,286332137,119789,31,D,2425.0,2352.0
824,Parsian,20140728,2350.0,2324.0,2415.0,92419697,39665,14,D,2420.0,2330.0
825,Parsian,20140802,2320.0,2319.0,2413.0,42809755,18458,8,D,2415.0,2320.0
826,Parsian,20140803,2340.0,2317.0,2371.0,793506874,342456,27,D,2413.0,2340.0
827,Parsian,20140804,2318.0,2317.0,2371.0,14493201,6253,3,D,2371.0,2317.0
828,Parsian,20140805,2450.0,2317.0,2374.0,158131971,65665,25,D,2371.0,2444.0
829,Parsian,20140806,2449.0,2351.0,2374.0,7152000,3000,3,D,2374.0,2351.0
830,Parsian,20140809,2350.0,2280.0,2370.0,115368168,50059,19,D,2374.0,2300.0
831,Parsian,20140810,2349.0,2276.0,2300.0,4782343877,2079573,28,D,2370.0,2349.0
832,Parsian,20140811,2300.0,2240.0,2300.0,316625226,137697,24,D,2300.0,2300.0
833,Parsian,20140812,2246.0,2242.0,2300.0,4005970,1785,2,D,2300.0,2246.0
834,Parsian,20140813,2320.0,2220.0,2315.0,10416299510,4498628,23,D,2300.0,2320.0
835,Parsian,20140816,2363.0,2262.0,2315.0,570020520,246370,22,D,2315.0,2262.0
836,Parsian,20140817,2355.0,2282.0,2315.0,5787880,2535,4,D,2315.0,2282.0
837,Parsian,20140818,2334.0,2250.0,2311.0,116265650,51647,10,D,2315.0,2300.0
838,Parsian,20140819,2307.0,2250.0,2294.0,498105404,221229,15,D,2311.0,2250.0
839,Parsian,20140820,2270.0,2242.0,2285.0,350930331,156143,25,D,2294.0,2260.0
840,Parsian,20140823,2266.0,2260.0,2282.0,232288775,102714,13,D,2285.0,2263.0
841,Parsian,20140824,2279.0,2230.0,2273.0,375776216,167814,17,D,2282.0,2230.0
842,Parsian,20140825,2231.0,2200.0,2258.0,550675624,247295,18,D,2273.0,2201.0
843,Parsian,20140826,2348.0,2202.0,2283.0,967585515,420001,48,D,2258.0,2348.0
844,Parsian,20140827,2373.0,2281.0,2298.0,1147472236,497409,35,D,2283.0,2290.0
845,Parsian,20140830,2300.0,2211.0,2283.0,424778730,189806,22,D,2298.0,2300.0
846,Parsian,20140831,2278.0,2200.0,2266.0,517564588,232533,29,D,2283.0,2211.0
847,Parsian,20140901,2300.0,2230.0,2267.0,512966609,226029,28,D,2266.0,2300.0
848,Parsian,20140902,2299.0,2230.0,2264.0,337394834,150000,15,D,2267.0,2282.0
849,Parsian,20140903,2320.0,2230.0,2268.0,324245219,141756,28,D,2264.0,2310.0
850,Parsian,20140906,2300.0,2240.0,2268.0,216344700,95463,12,D,2268.0,2280.0
851,Parsian,20140907,2324.0,2211.0,2270.0,268202195,117651,32,D,2268.0,2270.0
852,Parsian,20140908,2348.0,2253.0,2277.0,602070031,262821,29,D,2270.0,2265.0
853,Parsian,20140909,2310.0,2220.0,2264.0,506488101,226785,40,D,2277.0,2220.0
854,Parsian,20140910,2249.0,2212.0,2263.0,56758756,25573,10,D,2264.0,2220.0
855,Parsian,20140913,2289.0,2221.0,2263.0,312040616,137743,36,D,2263.0,2289.0
856,Parsian,20140914,2280.0,2200.0,2261.0,680142916,301160,35,D,2263.0,2210.0
857,Parsian,20140915,2288.0,2210.0,2259.0,125050046,55903,17,D,2261.0,2210.0
858,Parsian,20140916,2210.0,2200.0,2252.0,222999400,101286,16,D,2259.0,2200.0
859,Parsian,20140917,2271.0,2200.0,2246.0,509389723,228258,34,D,2252.0,2271.0
860,Parsian,20140920,2300.0,2250.0,2249.0,255844100,113000,22,D,2246.0,2300.0
861,Parsian,20140921,2295.0,2250.0,2251.0,229847709,101563,18,D,2249.0,2295.0
862,Parsian,20140922,2341.0,2260.0,2340.0,62099047470,26532475,37,D,2251.0,2339.0
863,Parsian,20140923,2281.0,2255.0,2334.0,136726845,60334,23,D,2340.0,2255.0
864,Parsian,20140924,2318.0,2257.0,2330.0,113743161,50020,28,D,2334.0,2315.0
865,Parsian,20140927,2290.0,2237.0,2318.0,255658826,113768,22,D,2330.0,2290.0
866,Parsian,20140928,2300.0,2230.0,2309.0,394302930,173245,22,D,2318.0,2290.0
867,Parsian,20140929,2300.0,2233.0,2306.0,162856375,71590,21,D,2309.0,2300.0
868,Parsian,20140930,2290.0,2235.0,2292.0,565908715,250087,27,D,2306.0,2235.0
869,Parsian,20141001,2290.0,2230.0,2285.0,475595894,209900,32,D,2292.0,2290.0
870,Parsian,20141004,2290.0,2240.0,2284.0,57088963,25200,18,D,2285.0,2289.0
871,Parsian,20141006,2330.0,2270.0,2289.0,658026895,286552,35,D,2284.0,2285.0
872,Parsian,20141007,2300.0,2238.0,2287.0,192088347,84754,22,D,2289.0,2289.0
873,Parsian,20141008,2289.0,2226.0,2282.0,198407725,88293,25,D,2287.0,2233.0
874,Parsian,20141011,2300.0,2240.0,2282.0,124582019,54620,15,D,2282.0,2300.0
875,Parsian,20141012,2320.0,2236.0,2283.0,217088908,94649,17,D,2282.0,2236.0
876,Parsian,20141014,2320.0,2233.0,2283.0,304704191,133558,29,D,2283.0,2318.0
877,Parsian,20141015,2331.0,2242.0,2285.0,145582956,62940,20,D,2283.0,2330.0
878,Parsian,20141018,2330.0,2276.0,2285.0,78256956,34106,10,D,2285.0,2280.0
879,Parsian,20141019,2341.0,2300.0,2291.0,312517137,134567,23,D,2285.0,2315.0
880,Parsian,20141020,2382.0,2271.0,2379.0,6742132907,2834136,98,D,2291.0,2382.0
881,Parsian,20141021,2440.0,2384.0,2395.0,681947618,281408,33,D,2379.0,2430.0
882,Parsian,20141022,2415.0,2345.0,2389.0,226878440,96655,11,D,2395.0,2351.0
883,Parsian,20141025,2390.0,2331.0,2388.0,83147284,35261,9,D,2389.0,2344.0
884,Parsian,20141026,2370.0,2320.0,2377.0,379920340,162819,35,D,2388.0,2338.0
885,Parsian,20141027,2435.0,2350.0,2384.0,693132176,289200,26,D,2377.0,2421.0
886,Parsian,20141028,2479.0,2376.0,2463.0,2600893367,1055988,76,D,2384.0,2479.0
887,Parsian,20141029,2561.0,2561.0,2539.0,1545230570,603370,20,D,2463.0,2561.0
888,Parsian,20141101,2640.0,2640.0,2640.0,2070546720,784298,27,D,2539.0,2640.0
889,Parsian,20141102,2745.0,2663.0,2739.0,7881895105,2877453,158,D,2640.0,2670.0
890,Parsian,20141105,2761.0,2655.0,2706.0,2074492958,766911,77,D,2739.0,2680.0
891,Parsian,20141108,2730.0,2598.0,2689.0,449878661,171191,42,D,2706.0,2649.0
892,Parsian,20141109,2660.0,2582.0,2658.0,682501681,262831,47,D,2689.0,2600.0
893,Parsian,20141110,2685.0,2560.0,2641.0,12757231218,4830445,97,D,2658.0,2676.0
894,Parsian,20141111,2662.0,2570.0,2628.0,520594146,201037,48,D,2641.0,2570.0
895,Parsian,20141119,2309.0,2230.0,2247.0,267747572,119165,20,D,2271.0,2230.0
896,Parsian,20141122,2290.0,2200.0,2231.0,695574801,315096,43,D,2247.0,2201.0
897,Parsian,20141123,2250.0,2200.0,2225.0,704636302,317929,43,D,2231.0,2200.0
898,Parsian,20141124,2284.0,2200.0,2217.0,694391677,314795,33,D,2225.0,2220.0
899,Parsian,20141125,2200.0,2129.0,2129.0,2230757315,1047706,49,D,2217.0,2129.0
900,Parsian,20141126,2046.0,2044.0,2125.0,68427196,33459,6,D,2129.0,2044.0
901,Parsian,20141129,2160.0,2070.0,2112.0,389998888,188273,22,D,2125.0,2070.0
902,Parsian,20141130,2136.0,2028.0,2030.0,2150207764,1058965,58,D,2112.0,2028.0
903,Parsian,20141201,2040.0,2001.0,2028.0,178552241,88910,12,D,2030.0,2040.0
904,Parsian,20141202,2100.0,2010.0,2027.0,180140214,89297,22,D,2028.0,2010.0
905,Parsian,20141203,2097.0,1980.0,2014.0,825794220,412367,30,D,2027.0,1980.0
906,Parsian,20141206,2090.0,2020.0,2015.0,45044325,22010,14,D,2014.0,2021.0
907,Parsian,20141207,2040.0,1980.0,2001.0,2156576215,1077858,44,D,2015.0,2030.0
908,Parsian,20141208,2060.0,2000.0,2005.0,124181864,60668,9,D,2001.0,2058.0
909,Parsian,20141209,2048.0,2000.0,2003.0,790057872,394818,41,D,2005.0,2000.0
910,Parsian,20141210,2082.0,2000.0,2007.0,469182720,232709,30,D,2003.0,2000.0
911,Parsian,20141214,2049.0,1961.0,1995.0,1184053358,594824,35,D,2007.0,1961.0
912,Parsian,20141215,2058.0,1971.0,2005.0,758220702,375974,40,D,1995.0,2058.0
913,Parsian,20141216,2022.0,2000.0,2005.0,102008656,50950,9,D,2005.0,2022.0
914,Parsian,20141217,2072.0,2040.0,2013.0,264147500,128814,21,D,2005.0,2041.0
915,Parsian,20141220,2093.0,2088.0,2090.0,1595458901,762544,61,D,2013.0,2093.0
916,Parsian,20141222,2173.0,2103.0,2150.0,1226019873,564271,42,D,2090.0,2173.0
917,Parsian,20141224,2230.0,2140.0,2163.0,504932300,230000,26,D,2150.0,2199.0
918,Parsian,20141227,2200.0,2077.0,2159.0,564659995,262613,23,D,2163.0,2200.0
919,Parsian,20141228,2225.0,2165.0,2165.0,237599500,108050,19,D,2159.0,2165.0
920,Parsian,20141229,2110.0,2090.0,2162.0,63880400,30502,10,D,2165.0,2093.0
921,Parsian,20141230,2100.0,2076.0,2156.0,123384380,59298,18,D,2162.0,2081.0
922,Parsian,20141231,2150.0,2080.0,2140.0,361660530,173681,14,D,2156.0,2080.0
923,Parsian,20150103,2098.0,2056.0,2134.0,121236918,58714,11,D,2140.0,2070.0
924,Parsian,20150104,2119.0,2049.0,2113.0,555188196,267679,47,D,2134.0,2050.0
925,Parsian,20150105,2045.0,2029.0,2089.0,462686050,227950,20,D,2113.0,2029.0
926,Parsian,20150106,2008.0,2006.0,2079.0,192686120,96020,8,D,2089.0,2006.0
927,Parsian,20150107,2005.0,2004.0,2076.0,54782304,27326,9,D,2079.0,2005.0
928,Parsian,20150110,2010.0,1998.0,2032.0,918008851,458780,39,D,2076.0,2000.0
929,Parsian,20150111,2000.0,1954.0,2028.0,114784277,57928,10,D,2032.0,2000.0
930,Parsian,20150112,2050.0,1980.0,2028.0,23111190,11553,6,D,2028.0,2000.0
931,Parsian,20150113,2005.0,1980.0,2027.0,23810000,12000,3,D,2028.0,1980.0
932,Parsian,20150114,2019.0,1978.0,2025.0,62772969,31648,28,D,2027.0,2019.0
933,Parsian,20150117,2030.0,2000.0,2025.0,38201900,18850,5,D,2025.0,2000.0
934,Parsian,20150118,1966.0,1953.0,2019.0,134860783,68764,20,D,2025.0,1953.0
935,Parsian,20150119,1960.0,1943.0,2014.0,113624625,58220,29,D,2019.0,1943.0
936,Parsian,20150120,2040.0,1952.0,2012.0,65427539,33281,18,D,2014.0,1952.0
937,Parsian,20150121,2092.0,1932.0,1993.0,466109533,238928,48,D,2012.0,1932.0
938,Parsian,20150124,1940.0,1926.0,1989.0,93146273,48172,21,D,1993.0,1926.0
939,Parsian,20150125,1931.0,1911.0,1982.0,142754831,74356,29,D,1989.0,1911.0
940,Parsian,20150126,1950.0,1903.0,1973.0,200018480,104604,36,D,1982.0,1950.0
941,Parsian,20150127,1999.0,1925.0,1971.0,147555543,75660,20,D,1973.0,1999.0
942,Parsian,20150128,1978.0,1932.0,1969.0,88091660,45520,10,D,1971.0,1950.0
943,Parsian,20150131,1955.0,1950.0,1969.0,43459340,22258,6,D,1969.0,1950.0
944,Parsian,20150201,1942.0,1924.0,1967.0,59052220,30596,18,D,1969.0,1924.0
945,Parsian,20150202,1970.0,1910.0,1959.0,895741309,458532,43,D,1967.0,1970.0
946,Parsian,20150203,2037.0,1960.0,1963.0,130772082,65112,17,D,1959.0,2037.0
947,Parsian,20150204,2035.0,1963.0,1964.0,64813658,32626,9,D,1963.0,1965.0
948,Parsian,20150207,2000.0,1933.0,1963.0,39909000,20520,4,D,1964.0,1933.0
949,Parsian,20150208,1930.0,1920.0,1959.0,132100481,68700,20,D,1963.0,1920.0
950,Parsian,20150209,1959.0,1926.0,1955.0,194500079,100701,20,D,1959.0,1949.0
951,Parsian,20150214,2020.0,1958.0,1955.0,33348000,17000,2,D,1955.0,2020.0
952,Parsian,20150215,2020.0,1911.0,1956.0,294073778,150138,27,D,1955.0,2020.0
953,Parsian,20150216,1930.0,1930.0,1956.0,1119400,580,1,D,1956.0,1930.0
954,Parsian,20150225,2025.0,2001.0,2024.0,242880000,120000,3,D,1956.0,2001.0
955,Parsian,20150228,2024.0,1995.0,2024.0,62200417181,30732108,11,D,2024.0,1995.0
956,Parsian,20150301,2050.0,2001.0,2023.0,105457181,52351,11,D,2024.0,2006.0
957,Parsian,20150302,2011.0,1997.0,2022.0,97260024,48587,8,D,2023.0,1999.0
958,Parsian,20150303,2002.0,1999.0,2022.0,24728663,12360,6,D,2022.0,1999.0
959,Parsian,20150304,2040.0,1970.0,2019.0,102194424,51618,28,D,2022.0,1972.0
960,Parsian,20150307,2040.0,1970.0,2018.0,52987718,26670,13,D,2019.0,1970.0
961,Parsian,20150309,1981.0,1980.0,2012.0,259583612,131095,10,D,2018.0,1980.0
962,Parsian,20150310,1990.0,1970.0,2011.0,30376595,15307,4,D,2012.0,1970.0
963,Parsian,20150311,1970.0,1946.0,2008.0,96245210,49150,23,D,2011.0,1946.0
964,Parsian,20150314,2000.0,1964.0,2001.0,370073896,187253,25,D,2008.0,1964.0
965,Parsian,20150315,2079.0,1968.0,2002.0,2157569676,1077815,46,D,2001.0,2077.0
966,Parsian,20150316,2077.0,2019.0,2003.0,50994533,25161,5,D,2002.0,2019.0
967,Parsian,20150317,2074.0,1993.0,2003.0,2688098,1327,3,D,2003.0,1993.0
968,Parsian,20150325,2019.0,2019.0,2003.0,1465794,726,1,D,2003.0,2019.0
969,Parsian,20150328,2083.0,2019.0,2006.0,75068947,36379,21,D,2003.0,2083.0
970,Parsian,20150329,2086.0,2085.0,2028.0,457191050,219175,24,D,2006.0,2085.0
971,Parsian,20150330,2028.0,1980.0,2027.0,57868020,28943,10,D,2028.0,1981.0
972,Parsian,20150331,2051.0,1983.0,2027.0,13186300,6492,4,D,2027.0,1983.0
973,Parsian,20150404,2108.0,2108.0,2108.0,1684357348,799031,37,D,2027.0,2108.0
974,Parsian,20150405,2192.0,2192.0,2192.0,6406926656,2922868,128,D,2108.0,2192.0
975,Parsian,20150406,2220.0,2110.0,2187.0,185782861,86689,37,D,2192.0,2110.0
976,Parsian,20150407,2115.0,2100.0,2161.0,525953097,250085,19,D,2187.0,2100.0
977,Parsian,20150408,2200.0,2085.0,2164.0,425758165,195859,26,D,2161.0,2085.0
978,Parsian,20150411,2155.0,2081.0,2152.0,477277663,224852,21,D,2164.0,2155.0
979,Parsian,20150412,2159.0,2070.0,2138.0,394702190,188715,23,D,2152.0,2159.0
980,Parsian,20150413,2164.0,2062.0,2136.0,59943442,28762,11,D,2138.0,2070.0
981,Parsian,20150414,2068.0,2064.0,2134.0,43056948,20829,6,D,2136.0,2068.0
982,Parsian,20150415,2198.0,2055.0,2131.0,73211424,35444,12,D,2134.0,2080.0
983,Parsian,20150418,2100.0,2090.0,2131.0,2806900,1338,2,D,2131.0,2100.0
984,Parsian,20150419,2130.0,2048.0,2129.0,40573730,19650,8,D,2131.0,2052.0
985,Parsian,20150420,2053.0,2051.0,2125.0,91798580,44750,6,D,2129.0,2052.0
986,Parsian,20150421,2041.0,2040.0,2124.0,26248560,12864,5,D,2125.0,2041.0
987,Parsian,20150422,2090.0,2046.0,2124.0,10315330,5000,5,D,2124.0,2046.0
988,Parsian,20150425,2208.0,2100.0,2125.0,86023160,40000,13,D,2124.0,2208.0
989,Parsian,20150426,2080.0,2051.0,2122.0,84371186,40978,8,D,2125.0,2056.0
990,Parsian,20150427,2090.0,2042.0,2119.0,90903111,43905,18,D,2122.0,2056.0
991,Parsian,20150428,2148.0,2035.0,2094.0,586118249,286121,55,D,2119.0,2100.0
992,Parsian,20150429,2125.0,2065.0,2093.0,48309664,23310,10,D,2094.0,2065.0
993,Parsian,20150503,2099.0,2070.0,2093.0,76061685,36296,17,D,2093.0,2095.0
994,Parsian,20150504,2120.0,2020.0,2092.0,66458200,32038,7,D,2093.0,2120.0
995,Parsian,20150505,2148.0,2070.0,2125.0,22909955606,10780870,59,D,2092.0,2135.0
996,Parsian,20150512,2000.0,1920.0,1957.0,704763810,360147,49,D,1925.0,1986.0
997,Parsian,20150513,1910.0,1879.0,1940.0,369433731,195887,14,D,1957.0,1881.0
998,Parsian,20150517,1930.0,1870.0,1936.0,90015006,48061,6,D,1940.0,1930.0
999,Parsian,20150518,1936.0,1870.0,1936.0,9750698805,5037420,113,D,1936.0,1873.0
1000,Parsian,20150519,1974.0,1873.0,1937.0,234085710,120400,13,D,1936.0,1974.0
1001,Parsian,20150520,1959.0,1875.0,1935.0,46073399,24539,12,D,1937.0,1875.0
1002,Parsian,20150523,1970.0,1937.0,1952.0,818399111,415868,22,D,1935.0,1965.0
1003,Parsian,20150524,1964.0,1900.0,1953.0,274043580,139868,11,D,1952.0,1960.0
1004,Parsian,20150525,2000.0,1889.0,1933.0,937284645,488229,37,D,1953.0,1968.0
1005,Parsian,20150526,1975.0,1901.0,1936.0,250531315,128245,8,D,1933.0,1901.0
1006,Parsian,20150527,2000.0,1920.0,1950.0,1950748554,1000560,50,D,1936.0,2000.0
1007,Parsian,20150530,2012.0,1893.0,1963.0,364544200,181630,19,D,1950.0,2012.0
1008,Parsian,20150531,2020.0,2000.0,2000.0,8039132788,4019445,49,D,1963.0,2000.0
1009,Parsian,20150601,2019.0,2019.0,2000.0,4038000,2000,1,D,2000.0,2019.0
1010,Parsian,20150602,2000.0,1985.0,2000.0,10135069183,5067629,109,D,2000.0,1999.0
1011,Parsian,20150606,2010.0,1941.0,1999.0,231213983,116000,17,D,2000.0,2000.0
1012,Parsian,20150607,2049.0,1941.0,1998.0,11559334393,5784246,86,D,1999.0,1941.0
1013,Parsian,20150608,1999.0,1915.0,1989.0,400515245,203906,15,D,1998.0,1915.0
1014,Parsian,20150609,1983.0,1910.0,1985.0,86319465,44927,10,D,1989.0,1983.0
1015,Parsian,20150610,1969.0,1900.0,1976.0,174655400,91649,12,D,1985.0,1969.0
1016,Parsian,20150613,2000.0,1915.0,1976.0,294073412,148785,23,D,1976.0,1992.0
1017,Parsian,20150614,1915.0,1915.0,1976.0,1915000,1000,2,D,1976.0,1915.0
1018,Parsian,20150615,1911.0,1905.0,1974.0,53974440,28272,12,D,1976.0,1905.0
1019,Parsian,20150616,2000.0,1900.0,1985.0,15515577560,7816029,88,D,1974.0,1985.0
1020,Parsian,20150617,2083.0,1915.0,2060.0,3108786541,1509027,106,D,1985.0,2076.0
1021,Parsian,20150620,2163.0,1973.0,2152.0,2688989309,1249403,86,D,2060.0,2162.0
1022,Parsian,20150621,2061.0,2051.0,2135.0,278764075,135732,17,D,2152.0,2056.0
1023,Parsian,20150622,2140.0,2124.0,2135.0,114999490,54015,8,D,2135.0,2140.0
1024,Parsian,20150623,2220.0,2130.0,2193.0,1754459726,800000,41,D,2135.0,2220.0
1025,Parsian,20150624,2120.0,2108.0,2193.0,2756568,1305,2,D,2193.0,2120.0
1026,Parsian,20150627,2120.0,2105.0,2192.0,22463400,10600,4,D,2193.0,2109.0
1027,Parsian,20150628,2130.0,2093.0,2188.0,64189340,30580,15,D,2192.0,2130.0
1028,Parsian,20150629,2140.0,2100.0,2180.0,156239780,74329,8,D,2188.0,2140.0
1029,Parsian,20150630,2120.0,2100.0,2173.0,168065174,79734,14,D,2180.0,2106.0
1030,Parsian,20150701,2199.0,2130.0,2173.0,509865,235,2,D,2173.0,2130.0
1031,Parsian,20150704,2104.0,2092.0,2170.0,72413583,34519,11,D,2173.0,2103.0
1032,Parsian,20150705,2085.0,2085.0,2170.0,4170000,2000,1,D,2170.0,2085.0
1033,Parsian,20150706,2160.0,2072.0,2148.0,568214767,269971,27,D,2170.0,2111.0
1034,Parsian,20150707,2190.0,2111.0,2145.0,226495333,106415,50,D,2148.0,2126.0
1035,Parsian,20150711,2126.0,2060.0,2143.0,100889730,47963,21,D,2145.0,2100.0
1036,Parsian,20150712,2139.0,2074.0,2137.0,172378898,82543,15,D,2143.0,2074.0
1037,Parsian,20150713,2192.0,2100.0,2137.0,71606500,33500,10,D,2137.0,2192.0
1038,Parsian,20150714,2210.0,2150.0,2139.0,100011091,46102,10,D,2137.0,2200.0
1039,Parsian,20150715,2144.0,2140.0,2139.0,64384140,30081,5,D,2139.0,2144.0
1040,Parsian,20150720,2080.0,2080.0,2136.0,73573760,35372,13,D,2139.0,2080.0
1041,Parsian,20150722,2100.0,2080.0,2135.0,41056320,19729,11,D,2136.0,2080.0
1042,Parsian,20150725,2080.0,2031.0,2104.0,779382574,376785,44,D,2135.0,2071.0
1043,Parsian,20150726,2076.0,2070.0,2098.0,312769719,151087,59,D,2104.0,2070.0
1044,Parsian,20150727,2070.0,2001.0,2092.0,293774660,142310,40,D,2098.0,2001.0
1045,Parsian,20150728,2196.0,2001.0,2182.0,1750323448,802153,49,D,2092.0,2165.0
1046,Parsian,20150729,2159.0,2073.0,2154.0,471889700,226700,23,D,2182.0,2073.0
1047,Parsian,20150801,2153.0,2047.0,2101.0,848469366,413555,35,D,2154.0,2153.0
1048,Parsian,20150802,2080.0,2017.0,2099.0,78317842,37876,10,D,2101.0,2080.0
1049,Parsian,20150803,2011.0,2001.0,2052.0,803116464,400357,28,D,2099.0,2005.0
1050,Parsian,20150804,2001.0,2001.0,2050.0,53372673,26673,3,D,2052.0,2001.0
1051,Parsian,20150805,1995.0,1970.0,2044.0,129684539,65763,11,D,2050.0,1971.0
1052,Parsian,20150808,2007.0,1952.0,2033.0,208253482,106091,4,D,2044.0,2007.0
1053,Parsian,20150810,2020.0,1955.0,2033.0,10653175,5396,4,D,2033.0,1955.0
1054,Parsian,20150812,2000.0,2000.0,2033.0,19334000,9667,2,D,2033.0,2000.0
1055,Parsian,20150815,2000.0,1953.0,2032.0,27718000,14000,2,D,2033.0,1953.0
1056,Parsian,20150816,2049.0,1953.0,2027.0,125116219,63421,8,D,2032.0,2049.0
1057,Parsian,20150817,2030.0,1943.0,2013.0,292428779,149609,9,D,2027.0,2030.0
1058,Parsian,20150818,1941.0,1925.0,2008.0,100589670,51992,5,D,2013.0,1941.0
1059,Parsian,20150822,2040.0,1941.0,1999.0,244794588,125360,9,D,2008.0,1941.0
1060,Parsian,20150823,1940.0,1921.0,1992.0,148421366,77067,10,D,1999.0,1926.0
1061,Parsian,20150824,1921.0,1910.0,1980.0,223693586,117110,11,D,1992.0,1911.0
1062,Parsian,20150825,1999.0,1916.0,1978.0,52413082,27140,3,D,1980.0,1916.0
1063,Parsian,20150826,1906.0,1901.0,1978.0,3679632,1932,3,D,1978.0,1906.0
1064,Parsian,20150829,2076.0,1940.0,1979.0,40121062,20000,5,D,1978.0,2076.0
1065,Parsian,20150830,1916.0,1914.0,1979.0,9957200,5200,3,D,1979.0,1916.0
1066,Parsian,20150905,1918.0,1918.0,1979.0,2685200,1400,2,D,1979.0,1918.0
1067,Parsian,20150906,1921.0,1900.0,1974.0,99777317,52359,7,D,1979.0,1907.0
1068,Parsian,20150908,1906.0,1906.0,1974.0,1906000,1000,1,D,1974.0,1906.0
1069,Parsian,20150909,1920.0,1910.0,1972.0,67242450,35050,7,D,1974.0,1920.0
1070,Parsian,20150912,1970.0,1911.0,1968.0,103103053,53861,5,D,1972.0,1911.0
1071,Parsian,20150913,1930.0,1890.0,1966.0,45669668,24115,8,D,1968.0,1890.0
1072,Parsian,20150914,1900.0,1888.0,1963.0,66865872,35394,3,D,1966.0,1888.0
1073,Parsian,20150915,1884.0,1882.0,1951.0,228329200,121300,2,D,1963.0,1884.0
1074,Parsian,20150916,1900.0,1872.0,1948.0,56198000,30020,2,D,1951.0,1900.0
1075,Parsian,20150919,1872.0,1870.0,1942.0,113714756,60768,3,D,1948.0,1872.0
1076,Parsian,20150920,1875.0,1863.0,1939.0,50147812,26872,4,D,1942.0,1866.0
1077,Parsian,20150921,1876.0,1876.0,1935.0,101352776,54026,5,D,1939.0,1876.0
1078,Parsian,20150923,1900.0,1866.0,1932.0,71141330,38105,3,D,1935.0,1900.0
1079,Parsian,20150926,1955.0,1865.0,1930.0,79673020,41889,9,D,1932.0,1955.0
1080,Parsian,20150927,1900.0,1900.0,1929.0,70870000,37300,2,D,1930.0,1900.0
1081,Parsian,20150928,1900.0,1867.0,1927.0,82922930,43937,5,D,1929.0,1900.0
1082,Parsian,20150929,1950.0,1852.0,1922.0,210781566,111563,13,D,1927.0,1927.0
1083,Parsian,20150930,1927.0,1927.0,1922.0,38540000,20000,3,D,1922.0,1927.0
1084,Parsian,20151003,1850.0,1849.0,1921.0,29588000,16000,3,D,1922.0,1849.0
1085,Parsian,20151004,1887.0,1840.0,1913.0,166813059,90000,7,D,1921.0,1887.0
1086,Parsian,20151005,1887.0,1887.0,1913.0,2622930,1390,1,D,1913.0,1887.0
1087,Parsian,20151006,1841.0,1840.0,1913.0,4177349,2270,3,D,1913.0,1840.0
1088,Parsian,20151011,1842.0,1842.0,1913.0,3923460,2130,1,D,1913.0,1842.0
1089,Parsian,20151012,1927.0,1843.0,1911.0,113100720,60097,11,D,1913.0,1927.0
1090,Parsian,20151014,1900.0,1900.0,1911.0,19000000,10000,1,D,1911.0,1900.0
1091,Parsian,20151017,1927.0,1850.0,1908.0,161364801,85818,18,D,1911.0,1920.0
1092,Parsian,20151018,1910.0,1910.0,1908.0,28650000,15000,2,D,1908.0,1910.0
1093,Parsian,20151019,1931.0,1850.0,1908.0,51810346,27270,7,D,1908.0,1931.0
1094,Parsian,20151026,1850.0,1813.0,1863.0,742012620,407699,83,D,1908.0,1813.0
1095,Parsian,20151027,1956.0,1900.0,1890.0,567352557,293007,36,D,1863.0,1956.0
1096,Parsian,20151028,1940.0,1835.0,1890.0,4604500,2400,4,D,1890.0,1835.0
1097,Parsian,20151031,1898.0,1816.0,1881.0,226670830,123860,16,D,1890.0,1898.0
1098,Parsian,20151101,1832.0,1811.0,1880.0,30916110,16910,5,D,1881.0,1832.0
1099,Parsian,20151102,1860.0,1860.0,1880.0,9300000,5000,2,D,1880.0,1860.0
1100,Parsian,20151103,1900.0,1850.0,1879.0,45777480,24623,8,D,1880.0,1850.0
1101,Parsian,20151104,1868.0,1853.0,1879.0,32850579,17673,8,D,1879.0,1858.0
1102,Parsian,20151107,1943.0,1898.0,1883.0,282692291,148807,12,D,1879.0,1900.0
1103,Parsian,20151108,1977.0,1970.0,1885.0,28015206,14178,11,D,1883.0,1972.0
1104,Parsian,20151109,1917.0,1901.0,1886.0,52604389,27665,4,D,1885.0,1906.0
1105,Parsian,20151110,1980.0,1969.0,1898.0,207445559,104914,11,D,1886.0,1980.0
1106,Parsian,20151111,1992.0,1990.0,1898.0,3006006,1510,3,D,1898.0,1992.0
1107,Parsian,20151114,1992.0,1992.0,1916.0,308092680,154665,15,D,1898.0,1992.0
1108,Parsian,20151115,2011.0,2000.0,2011.0,2773434084,1379442,101,D,1916.0,2010.0
1109,Parsian,20151116,2097.0,1960.0,2005.0,342596110,172903,26,D,2011.0,1989.0
1110,Parsian,20151117,1980.0,1940.0,2003.0,104058246,52895,13,D,2005.0,1940.0
1111,Parsian,20151118,2030.0,1910.0,1911.0,4966169912,2598386,176,D,2003.0,1960.0
1112,Parsian,20151121,1948.0,1900.0,1910.0,249775081,130993,19,D,1911.0,1948.0
1113,Parsian,20151122,1925.0,1907.0,1910.0,108391220,56540,14,D,1910.0,1916.0
1114,Parsian,20151123,1910.0,1910.0,1910.0,21827480,11428,2,D,1910.0,1910.0
1115,Parsian,20151124,1902.0,1900.0,1909.0,138125802,72693,18,D,1910.0,1901.0
1116,Parsian,20151125,1925.0,1860.0,1905.0,121350150,65100,8,D,1909.0,1876.0
1117,Parsian,20151128,1860.0,1853.0,1904.0,32478196,17506,11,D,1905.0,1860.0
1118,Parsian,20151129,1920.0,1920.0,1904.0,1920000,1000,1,D,1904.0,1920.0
1119,Parsian,20151130,1881.0,1881.0,1904.0,4815360,2560,2,D,1904.0,1881.0
1120,Parsian,20151201,1944.0,1871.0,1905.0,29345229,15099,2,D,1904.0,1944.0
1121,Parsian,20151205,1965.0,1940.0,1905.0,10079250,5150,6,D,1905.0,1965.0
1122,Parsian,20151206,1937.0,1900.0,1905.0,106884607,56100,10,D,1905.0,1900.0
1123,Parsian,20151207,1920.0,1901.0,1906.0,96893915,50625,11,D,1905.0,1903.0
1124,Parsian,20151213,1900.0,1896.0,1906.0,43942896,23176,3,D,1906.0,1900.0
1125,Parsian,20151214,1956.0,1910.0,1906.0,6076108,3160,3,D,1906.0,1956.0
1126,Parsian,20151215,1906.0,1901.0,1906.0,26481881,13909,4,D,1906.0,1901.0
1127,Parsian,20151216,1920.0,1903.0,1906.0,4986685928,2616251,5,D,1906.0,1903.0
1128,Parsian,20151219,1913.0,1910.0,1906.0,20071760,10500,4,D,1906.0,1910.0
1129,Parsian,20151220,1910.0,1820.0,1873.0,652213452,356184,28,D,1906.0,1822.0
1130,Parsian,20151221,1910.0,1840.0,1873.0,15164500,8100,6,D,1873.0,1910.0
1131,Parsian,20151222,1911.0,1910.0,1873.0,19108520,10000,3,D,1873.0,1911.0
1132,Parsian,20151223,1918.0,1850.0,1872.0,105919342,56786,12,D,1873.0,1918.0
1133,Parsian,20151226,1960.0,1920.0,1873.0,28911700,15000,4,D,1872.0,1960.0
1134,Parsian,20151227,1950.0,1900.0,1875.0,97776900,51284,5,D,1873.0,1930.0
1135,Parsian,20151228,1900.0,1900.0,1875.0,12103000,6370,1,D,1875.0,1900.0
1136,Parsian,20151230,1911.0,1909.0,1878.0,128870147,67495,8,D,1875.0,1909.0
1137,Parsian,20160102,1881.0,1881.0,1878.0,2648448,1408,3,D,1878.0,1881.0
1138,Parsian,20160103,1930.0,1910.0,1880.0,93481880,48714,6,D,1878.0,1930.0
1139,Parsian,20160104,1974.0,1930.0,1899.0,333684848,169352,27,D,1880.0,1974.0
1140,Parsian,20160105,1993.0,1970.0,1927.0,530124306,267453,47,D,1899.0,1990.0
1141,Parsian,20160106,1988.0,1963.0,1927.0,9915000,5000,2,D,1927.0,1988.0
1142,Parsian,20160109,2000.0,1980.0,1936.0,229535200,115463,15,D,1927.0,1996.0
1143,Parsian,20160110,2032.0,1995.0,1959.0,409749182,201983,21,D,1936.0,2002.0
1144,Parsian,20160111,2056.0,1970.0,1981.0,419203466,205018,25,D,1959.0,2056.0
1145,Parsian,20160112,2080.0,1951.0,2020.0,768517845,372379,63,D,1981.0,2080.0
1146,Parsian,20160113,2090.0,2060.0,2024.0,126812292,61345,18,D,2020.0,2060.0
1147,Parsian,20160116,2124.0,2052.0,2044.0,462984960,220747,38,D,2024.0,2124.0
1148,Parsian,20160117,2143.0,2044.0,2051.0,246128880,117655,20,D,2044.0,2100.0
1149,Parsian,20160118,2119.0,2040.0,2055.0,147141000,70000,5,D,2051.0,2119.0
1150,Parsian,20160119,2138.0,2062.0,2056.0,46042230,21854,10,D,2055.0,2129.0
1151,Parsian,20160120,2158.0,2130.0,2151.0,2137064112,993293,67,D,2056.0,2158.0
1152,Parsian,20160123,2201.0,2117.0,2153.0,706745142,327942,34,D,2151.0,2180.0
1153,Parsian,20160124,2260.0,2200.0,2258.0,7528428296,3333790,162,D,2153.0,2260.0
1154,Parsian,20160125,2370.0,2270.0,2364.0,7513706993,3178968,170,D,2258.0,2370.0
1155,Parsian,20160126,2482.0,2482.0,2482.0,2840676302,1144511,34,D,2364.0,2482.0
1156,Parsian,20160127,2606.0,2500.0,2605.0,27431795091,10528529,297,D,2482.0,2606.0
1157,Parsian,20160130,2735.0,2701.0,2735.0,7029263940,2570140,106,D,2605.0,2735.0
1158,Parsian,20160131,2835.0,2652.0,2791.0,3817396434,1367793,162,D,2735.0,2781.0
1159,Parsian,20160201,2780.0,2652.0,2691.0,9266285669,3442853,212,D,2791.0,2688.0
1160,Parsian,20160202,2708.0,2582.0,2617.0,2717124540,1038187,90,D,2691.0,2600.0
1161,Parsian,20160203,2600.0,2493.0,2526.0,2901315418,1148576,85,D,2617.0,2521.0
1162,Parsian,20160206,2652.0,2500.0,2650.0,7128905138,2690594,158,D,2526.0,2652.0
1163,Parsian,20160207,2770.0,2606.0,2697.0,4410122418,1635063,110,D,2650.0,2770.0
1164,Parsian,20160208,2830.0,2720.0,2795.0,4210464555,1506564,121,D,2697.0,2736.0
1165,Parsian,20160209,2934.0,2733.0,2823.0,14766812340,5229998,233,D,2795.0,2800.0
1166,Parsian,20160210,2820.0,2760.0,2806.0,1168117317,418545,53,D,2823.0,2760.0
1167,Parsian,20160213,2850.0,2675.0,2803.0,2245023200,801020,56,D,2806.0,2675.0
1168,Parsian,20160214,2943.0,2702.0,2829.0,3287293777,1161914,84,D,2803.0,2795.0
1169,Parsian,20160215,2856.0,2762.0,2805.0,1916413624,684186,59,D,2829.0,2806.0
1170,Parsian,20160216,2807.0,2723.0,2774.0,3336081324,1202756,67,D,2805.0,2723.0
1171,Parsian,20160217,2799.0,2702.0,2747.0,1873578322,683066,66,D,2774.0,2799.0
1172,Parsian,20160222,2920.0,2890.0,2901.0,6002255066,2068979,97,D,2747.0,2894.0
1173,Parsian,20160223,2905.0,2772.0,2847.0,2152622098,756919,83,D,2901.0,2800.0
1174,Parsian,20160224,2820.0,2723.0,2812.0,1783814930,636442,59,D,2847.0,2820.0
1175,Parsian,20160227,2854.0,2820.0,2826.0,1066697820,375236,30,D,2812.0,2837.0
1176,Parsian,20160228,2800.0,2731.0,2822.0,167341262,60212,20,D,2826.0,2790.0
1177,Parsian,20160229,2828.0,2740.0,2816.0,190458800,69166,26,D,2822.0,2760.0
1178,Parsian,20160301,2850.0,2676.0,2763.0,6066213195,2195896,158,D,2816.0,2676.0
1179,Parsian,20160302,2780.0,2651.0,2757.0,348038895,127759,28,D,2763.0,2680.0
1180,Parsian,20160305,2759.0,2675.0,2728.0,1868992272,686333,51,D,2757.0,2707.0
1181,Parsian,20160306,2750.0,2640.0,2691.0,1456391282,544782,44,D,2728.0,2710.0
1182,Parsian,20160307,2758.0,2700.0,2707.0,785960106,287284,28,D,2691.0,2745.0
1183,Parsian,20160308,2784.0,2662.0,2717.0,471918922,171431,20,D,2707.0,2700.0
1184,Parsian,20160309,2797.0,2671.0,2718.0,3665796926,1348896,60,D,2717.0,2671.0
1185,Parsian,20160312,2750.0,2675.0,2716.0,8779564514,3232948,117,D,2718.0,2690.0
1186,Parsian,20160314,2797.0,2700.0,2729.0,930304690,338805,41,D,2716.0,2750.0
1187,Parsian,20160315,2750.0,2697.0,2727.0,455920933,167576,29,D,2729.0,2700.0
1188,Parsian,20160316,2769.0,2674.0,2725.0,186251363,68871,19,D,2727.0,2710.0
1189,Parsian,20160326,2722.0,2674.0,2715.0,853331700,316184,20,D,2725.0,2722.0
1190,Parsian,20160327,2779.0,2700.0,2714.0,105111774,38874,10,D,2715.0,2712.0
1191,Parsian,20160328,2660.0,2620.0,2704.0,360032430,135546,22,D,2714.0,2657.0
1192,Parsian,20160329,2700.0,2700.0,2704.0,81553500,30205,11,D,2704.0,2700.0
1193,Parsian,20160330,2839.0,2720.0,2827.0,4469846939,1581175,166,D,2704.0,2839.0
1194,Parsian,20160402,2968.0,2967.0,2968.0,5026309928,1693504,166,D,2827.0,2968.0
1195,Parsian,20160403,3116.0,3116.0,3116.0,7915939372,2540417,121,D,2968.0,3116.0
1196,Parsian,20160404,3271.0,3271.0,3271.0,2628961578,803718,75,D,3116.0,3271.0
1197,Parsian,20160405,3434.0,3434.0,3434.0,3671873180,1069270,94,D,3271.0,3434.0
1198,Parsian,20160406,3605.0,3300.0,3508.0,45407310793,12942375,747,D,3434.0,3301.0
1199,Parsian,20160409,3488.0,3333.0,3387.0,9913510883,2926779,255,D,3508.0,3381.0
1200,Parsian,20160410,3400.0,3280.0,3349.0,3466348478,1034996,61,D,3387.0,3290.0
1201,Parsian,20160411,3399.0,3204.0,3328.0,789696201,240787,38,D,3349.0,3278.0
1202,Parsian,20160412,3319.0,3162.0,3182.0,5901681640,1854903,111,D,3328.0,3170.0
1203,Parsian,20160413,3160.0,3090.0,3152.0,1367305308,437240,40,D,3182.0,3160.0
1204,Parsian,20160416,3130.0,2995.0,3007.0,3515806685,1169055,97,D,3152.0,2995.0
1205,Parsian,20160417,3100.0,2980.0,3023.0,1434003686,472550,88,D,3007.0,3025.0
1206,Parsian,20160418,3174.0,3090.0,3159.0,2853247027,903080,66,D,3023.0,3174.0
1207,Parsian,20160419,3316.0,3150.0,3236.0,4053778554,1252623,123,D,3159.0,3316.0
1208,Parsian,20160420,3380.0,3230.0,3249.0,737193745,224652,40,D,3236.0,3369.0
1209,Parsian,20160423,3411.0,3300.0,3395.0,2760007479,813008,89,D,3249.0,3411.0
1210,Parsian,20160424,3562.0,3400.0,3519.0,4277450435,1215656,132,D,3395.0,3529.0
1211,Parsian,20160425,3520.0,3344.0,3389.0,2703859644,797883,126,D,3519.0,3400.0
1212,Parsian,20160426,3547.0,3240.0,3388.0,2195317952,647996,96,D,3389.0,3390.0
1213,Parsian,20160427,3485.0,3350.0,3395.0,1513568749,445123,63,D,3388.0,3400.0
1214,Parsian,20160430,3400.0,3255.0,3340.0,1376982327,418660,75,D,3395.0,3270.0
1215,Parsian,20160501,3290.0,3187.0,3231.0,6930267148,2145110,192,D,3340.0,3215.0
1216,Parsian,20160502,3300.0,3080.0,3141.0,3341088025,1063848,162,D,3231.0,3113.0
1217,Parsian,20160503,3230.0,3143.0,3156.0,1432941687,452370,66,D,3141.0,3199.0
1218,Parsian,20160504,3150.0,3081.0,3145.0,462203287,149243,29,D,3156.0,3100.0
1219,Parsian,20160507,3150.0,2988.0,3019.0,3952025995,1308976,112,D,3145.0,2988.0
1220,Parsian,20160508,3000.0,2880.0,2992.0,528391102,182247,39,D,3019.0,2949.0
1221,Parsian,20160509,3060.0,2877.0,2987.0,995061802,333945,44,D,2992.0,2877.0
1222,Parsian,20160510,3000.0,2892.0,2983.0,173222899,59016,28,D,2987.0,2910.0
1223,Parsian,20160511,2877.0,2834.0,2837.0,2953574538,1041229,180,D,2983.0,2834.0
1224,Parsian,20160514,2832.0,2780.0,2825.0,888152505,316321,33,D,2837.0,2810.0
1225,Parsian,20160515,2800.0,2765.0,2820.0,280751500,100771,27,D,2825.0,2793.0
1226,Parsian,20160516,2944.0,2761.0,2833.0,685246809,239294,51,D,2820.0,2939.0
1227,Parsian,20160517,2974.0,2928.0,2969.0,2552944928,859794,120,D,2833.0,2974.0
1228,Parsian,20160518,3099.0,2952.0,2981.0,693182853,230321,60,D,2969.0,2952.0
1229,Parsian,20160521,3096.0,2950.0,3015.0,2766730077,917777,68,D,2981.0,3000.0
1230,Parsian,20160523,3028.0,2901.0,2993.0,1060705333,357705,42,D,3015.0,3024.0
1231,Parsian,20160524,3019.0,2912.0,2990.0,759498784,254619,33,D,2993.0,2961.0
1232,Parsian,20160525,2931.0,2881.0,2976.0,388830437,133798,30,D,2990.0,2912.0
1233,Parsian,20160528,2952.0,2901.0,2975.0,75183664,25664,15,D,2976.0,2951.0
1234,Parsian,20160529,2939.0,2830.0,2916.0,1185186424,414200,75,D,2975.0,2939.0
1235,Parsian,20160530,2930.0,2860.0,2910.0,292899516,101969,17,D,2916.0,2864.0
1236,Parsian,20160531,2864.0,2831.0,2893.0,586038059,205945,23,D,2910.0,2831.0
1237,Parsian,20160601,2889.0,2805.0,2886.0,252177728,89232,25,D,2893.0,2811.0
1238,Parsian,20160605,2889.0,2800.0,2836.0,1634671332,580171,61,D,2886.0,2802.0
1239,Parsian,20160606,2873.0,2779.0,2829.0,1031206899,365524,57,D,2836.0,2779.0
1240,Parsian,20160607,2890.0,2800.0,2829.0,966345205,341540,50,D,2829.0,2800.0
1241,Parsian,20160608,2929.0,2811.0,2847.0,1309227389,457607,55,D,2829.0,2929.0
1242,Parsian,20160611,2950.0,2881.0,2857.0,347211551,119276,44,D,2847.0,2900.0
1243,Parsian,20160612,2999.0,2924.0,2980.0,3130348495,1050468,96,D,2857.0,2999.0
1244,Parsian,20160613,3092.0,2971.0,2984.0,579222968,193356,54,D,2980.0,2971.0
1245,Parsian,20160614,2950.0,2850.0,2965.0,615725965,211482,33,D,2984.0,2901.0
1246,Parsian,20160615,3000.0,2901.0,2984.0,1629411979,544348,92,D,2965.0,3000.0
1247,Parsian,20160620,2770.0,2650.0,2746.0,706810000,257400,12,D,2734.0,2750.0
1248,Parsian,20160621,2700.0,2609.0,2718.0,705254880,265075,44,D,2746.0,2650.0
1249,Parsian,20160622,2794.0,2583.0,2642.0,2581470216,977210,130,D,2718.0,2630.0
1250,Parsian,20160625,2632.0,2571.0,2639.0,152667756,58614,26,D,2642.0,2576.0
1251,Parsian,20160626,2639.0,2580.0,2630.0,436499022,168273,24,D,2639.0,2590.0
1252,Parsian,20160628,2695.0,2571.0,2627.0,294848289,113032,27,D,2630.0,2600.0
1253,Parsian,20160629,2693.0,2585.0,2623.0,239369078,92372,15,D,2627.0,2585.0
1254,Parsian,20160702,2601.0,2590.0,2621.0,163711938,63065,18,D,2623.0,2601.0
1255,Parsian,20160703,2624.0,2600.0,2620.0,102482529,39287,24,D,2621.0,2624.0
1256,Parsian,20160704,2590.0,2523.0,2614.0,174280148,68462,15,D,2620.0,2538.0
1257,Parsian,20160705,2645.0,2542.0,2613.0,35844370,14009,12,D,2614.0,2600.0
1258,Parsian,20160709,2740.0,2483.0,2546.0,1568273658,620598,73,D,2613.0,2483.0
1259,Parsian,20160710,2485.0,2419.0,2468.0,1344625574,552766,57,D,2546.0,2480.0
1260,Parsian,20160711,2456.0,2360.0,2415.0,1058963187,446320,65,D,2468.0,2360.0
1261,Parsian,20160712,2462.0,2340.0,2383.0,1134730156,480562,59,D,2415.0,2340.0
1262,Parsian,20160713,2396.0,2339.0,2380.0,165479163,70542,13,D,2383.0,2341.0
1263,Parsian,20160716,2389.0,2300.0,2378.0,270283609,114094,20,D,2380.0,2389.0
1264,Parsian,20160717,2496.0,2400.0,2469.0,1879599333,759893,80,D,2378.0,2470.0
1265,Parsian,20160718,2545.0,2469.0,2488.0,1117807004,446451,40,D,2469.0,2519.0
1266,Parsian,20160719,2410.0,2364.0,2436.0,842290496,355281,71,D,2488.0,2364.0
1267,Parsian,20160720,2411.0,2352.0,2414.0,837895283,351262,40,D,2436.0,2399.0
1268,Parsian,20160723,2432.0,2420.0,2422.0,1354601274,558400,47,D,2414.0,2420.0
1269,Parsian,20160724,2458.0,2403.0,2414.0,3567488992,1477586,54,D,2422.0,2431.0
1270,Parsian,20160725,2534.0,2440.0,2530.0,2986362115,1180163,117,D,2414.0,2534.0
1271,Parsian,20160726,2656.0,2550.0,2653.0,8110326675,3056569,211,D,2530.0,2656.0
1272,Parsian,20160727,2785.0,2749.0,2782.0,3235167472,1162805,118,D,2653.0,2785.0
1273,Parsian,20160731,2921.0,2801.0,2904.0,4393363809,1512696,109,D,2782.0,2921.0
1274,Parsian,20160801,3045.0,2904.0,2971.0,4661095484,1568959,166,D,2904.0,3015.0
1275,Parsian,20160802,3047.0,2900.0,3014.0,14966804312,4965548,335,D,2971.0,3035.0
1276,Parsian,20160803,3100.0,3030.0,3086.0,2207189120,713209,57,D,3014.0,3079.0
1277,Parsian,20160806,3089.0,2932.0,2970.0,2717476985,914844,80,D,3086.0,3000.0
1278,Parsian,20160807,3059.0,2911.0,3012.0,3951720894,1312162,69,D,2970.0,2925.0
1279,Parsian,20160808,3022.0,2900.0,2989.0,1157064587,390276,63,D,3012.0,2900.0
1280,Parsian,20160809,3098.0,2970.0,3056.0,3905085534,1277641,146,D,2989.0,3045.0
1281,Parsian,20160810,2950.0,2915.0,2980.0,1300311459,445298,42,D,3056.0,2920.0
1282,Parsian,20160813,3002.0,2900.0,2972.0,344703845,117895,25,D,2980.0,2910.0
1283,Parsian,20160814,2900.0,2892.0,2962.0,324906750,112050,8,D,2972.0,2900.0
1284,Parsian,20160815,2970.0,2900.0,2952.0,796814395,271794,23,D,2962.0,2900.0
1285,Parsian,20160816,2950.0,2880.0,2947.0,183742056,63576,11,D,2952.0,2890.0
1286,Parsian,20160817,2972.0,2830.0,2941.0,254236309,87960,24,D,2947.0,2972.0
1287,Parsian,20160820,2999.0,2950.0,2955.0,794670202,266408,35,D,2941.0,2950.0
1288,Parsian,20160821,2861.0,2860.0,2950.0,131362881,45922,7,D,2955.0,2860.0
1289,Parsian,20160822,2900.0,2860.0,2943.0,222437473,77325,18,D,2950.0,2900.0
1290,Parsian,20160823,2900.0,2860.0,2941.0,63109640,21995,5,D,2943.0,2872.0
1291,Parsian,20160824,2850.0,2825.0,2928.0,282769225,99674,24,D,2941.0,2825.0
1292,Parsian,20160827,2920.0,2836.0,2928.0,8870560,3093,4,D,2928.0,2850.0
1293,Parsian,20160828,2900.0,2840.0,2921.0,259496000,90500,17,D,2928.0,2890.0
1294,Parsian,20160829,2899.0,2820.0,2916.0,107627880,38114,11,D,2921.0,2822.0
1295,Parsian,20160830,2899.0,2810.0,2908.0,262773704,92270,21,D,2916.0,2860.0
1296,Parsian,20160831,2900.0,2885.0,2908.0,86192748,29776,13,D,2908.0,2899.0
1297,Parsian,20160903,2886.0,2818.0,2907.0,19042076,6721,4,D,2908.0,2886.0
1298,Parsian,20160904,2874.0,2818.0,2903.0,128723198,45250,16,D,2907.0,2874.0
1299,Parsian,20160905,2872.0,2818.0,2895.0,212547656,75359,14,D,2903.0,2820.0
1300,Parsian,20160906,2870.0,2817.0,2887.0,301603178,106521,19,D,2895.0,2817.0
1301,Parsian,20160907,2879.0,2825.0,2887.0,7812900,2754,5,D,2887.0,2825.0
1302,Parsian,20160910,3025.0,2826.0,3015.0,6891671141,2285946,69,D,2887.0,3000.0
1303,Parsian,20160911,2989.0,2868.0,2983.0,5970965620,2001391,117,D,3015.0,2900.0
1304,Parsian,20160913,2900.0,2860.0,2972.0,239177908,83048,23,D,2983.0,2864.0
1305,Parsian,20160914,2900.0,2840.0,2970.0,42260162,14723,9,D,2972.0,2899.0
1306,Parsian,20160917,2896.0,2822.0,2823.0,4432672864,1570279,103,D,2970.0,2896.0
1307,Parsian,20160918,2896.0,2888.0,2824.0,39941224,13796,8,D,2823.0,2895.0
1308,Parsian,20160919,2890.0,2824.0,2843.0,1329887987,465435,29,D,2824.0,2824.0
1309,Parsian,20160921,2824.0,2791.0,2829.0,957990674,340775,14,D,2843.0,2791.0
1310,Parsian,20160924,2856.0,2720.0,2790.0,1029326528,374867,47,D,2829.0,2730.0
1311,Parsian,20160925,2839.0,2658.0,2680.0,3523290937,1314505,108,D,2790.0,2761.0
1312,Parsian,20160926,2814.0,2700.0,2725.0,866146813,309842,54,D,2680.0,2810.0
1313,Parsian,20160927,2846.0,2759.0,2729.0,112810439,40359,10,D,2725.0,2764.0
1314,Parsian,20160928,2864.0,2764.0,2733.0,97569131,34676,15,D,2729.0,2800.0
1315,Parsian,20161001,2869.0,2785.0,2868.0,4748818557,1655547,61,D,2733.0,2869.0
1316,Parsian,20161002,3011.0,2942.0,3008.0,4769489096,1585518,142,D,2868.0,3000.0
1317,Parsian,20161003,3040.0,2920.0,2978.0,1015791990,345660,41,D,3008.0,2920.0
1318,Parsian,20161004,3010.0,2832.0,2980.0,2114125058,709469,46,D,2978.0,3010.0
1319,Parsian,20161005,3000.0,2960.0,2982.0,823635028,275860,36,D,2980.0,3000.0
1320,Parsian,20161008,3000.0,2986.0,2992.0,1506647900,502531,34,D,2982.0,3000.0
1321,Parsian,20161009,3000.0,2950.0,2995.0,1566373526,522719,37,D,2992.0,3000.0
1322,Parsian,20161010,2990.0,2900.0,2994.0,33708288,11577,4,D,2995.0,2901.0
1323,Parsian,20161015,2855.0,2849.0,2988.0,92867090,32570,10,D,2994.0,2852.0
1324,Parsian,20161016,2987.0,2960.0,2988.0,11891543,4000,3,D,2988.0,2987.0
1325,Parsian,20161017,3000.0,2851.0,2981.0,1306317190,438971,41,D,2988.0,3000.0
1326,Parsian,20161018,2872.0,2872.0,2980.0,26080632,9081,2,D,2981.0,2872.0
1327,Parsian,20161019,2878.0,2831.0,2891.0,1472830423,518001,35,D,2980.0,2831.0
1328,Parsian,20161022,2850.0,2832.0,2889.0,106817182,37590,10,D,2891.0,2840.0
1329,Parsian,20161023,2840.0,2800.0,2885.0,151097916,53363,14,D,2889.0,2800.0
1330,Parsian,20161024,2875.0,2810.0,2883.0,97362670,34355,11,D,2885.0,2875.0
1331,Parsian,20161025,2925.0,2740.0,2856.0,686609939,245640,50,D,2883.0,2925.0
1332,Parsian,20161026,2998.0,2787.0,2993.0,3972273241,1327156,101,D,2856.0,2998.0
1333,Parsian,20161029,2998.0,2875.0,2993.0,20635000,7000,6,D,2993.0,2994.0
1334,Parsian,20161030,2902.0,2851.0,2988.0,103617203,36051,16,D,2993.0,2851.0
1335,Parsian,20161031,2950.0,2861.0,2982.0,114116900,39700,10,D,2988.0,2880.0
1336,Parsian,20161101,2861.0,2857.0,2976.0,113096712,39544,10,D,2982.0,2859.0
1337,Parsian,20161102,2960.0,2960.0,2976.0,9353600,3160,4,D,2976.0,2960.0
1338,Parsian,20161105,2900.0,2881.0,2966.0,254954190,88285,12,D,2976.0,2900.0
1339,Parsian,20161106,3059.0,2900.0,2972.0,590860419,197668,41,D,2966.0,2950.0
1340,Parsian,20161107,2940.0,2876.0,2963.0,256380580,88810,18,D,2972.0,2887.0
1341,Parsian,20161108,2960.0,2872.0,2959.0,118150200,40880,11,D,2963.0,2960.0
1342,Parsian,20161109,2900.0,2812.0,2937.0,385784429,136412,31,D,2959.0,2899.0
1343,Parsian,20161112,2959.0,2842.0,2932.0,160202081,55828,20,D,2937.0,2855.0
1344,Parsian,20161113,2930.0,2849.0,2903.0,1069896173,372727,25,D,2932.0,2926.0
1345,Parsian,20161114,2846.0,2800.0,2869.0,1047809816,370418,51,D,2903.0,2845.0
1346,Parsian,20161115,2865.0,2840.0,2866.0,248272040,87238,21,D,2869.0,2840.0
1347,Parsian,20161116,2814.0,2810.0,2866.0,20471610,7281,2,D,2866.0,2814.0
1348,Parsian,20161119,2900.0,2801.0,2860.0,612000162,215212,22,D,2866.0,2801.0
1349,Parsian,20161121,2810.0,2750.0,2832.0,644974948,233411,37,D,2860.0,2800.0
1350,Parsian,20161122,2869.0,2800.0,2801.0,3502949484,1250538,33,D,2832.0,2858.0
1351,Parsian,20161123,2941.0,2840.0,2819.0,360816112,123668,46,D,2801.0,2940.0
1352,Parsian,20161126,2940.0,2840.0,2823.0,197735920,68942,31,D,2819.0,2930.0
1353,Parsian,20161127,2937.0,2880.0,2833.0,301690181,104018,27,D,2823.0,2900.0
1354,Parsian,20161129,2901.0,2856.0,2840.0,570612747,199364,33,D,2833.0,2856.0
1355,Parsian,20161203,2856.0,2757.0,2840.0,287436220,101202,34,D,2840.0,2849.0
1356,Parsian,20161219,2058.0,1961.0,2010.0,172620787,85875,19,D,1993.0,2026.0
1357,Parsian,20161220,2020.0,1930.0,2009.0,221302910,110953,29,D,2010.0,2016.0
1358,Parsian,20161221,2010.0,1937.0,2009.0,21375080,10935,6,D,2009.0,1937.0
1359,Parsian,20161224,2015.0,1909.0,2003.0,142257158,74105,27,D,2009.0,1909.0
1360,Parsian,20161225,1969.0,1903.0,1983.0,567467158,295545,32,D,2003.0,1950.0
1361,Parsian,20161226,1925.0,1910.0,1981.0,74536579,38894,9,D,1983.0,1910.0
1362,Parsian,20161227,1910.0,1883.0,1978.0,106729790,55930,20,D,1981.0,1900.0
1363,Parsian,20161228,1900.0,1880.0,1973.0,122963025,65193,12,D,1978.0,1883.0
1364,Parsian,20161231,1940.0,1875.0,1966.0,219752634,115922,8,D,1973.0,1900.0
1365,Parsian,20170101,1885.0,1868.0,1950.0,397267200,212115,25,D,1966.0,1868.0
1366,Parsian,20170102,1890.0,1853.0,1941.0,242127766,129510,15,D,1950.0,1870.0
1367,Parsian,20170103,1870.0,1868.0,1938.0,97422800,52100,4,D,1941.0,1868.0
1368,Parsian,20170104,1875.0,1870.0,1937.0,48332716,25842,25,D,1938.0,1870.0
1369,Parsian,20170107,1860.0,1850.0,1933.0,102664050,55213,5,D,1937.0,1850.0
1370,Parsian,20170108,1920.0,1840.0,1909.0,626136950,338647,17,D,1933.0,1850.0
1371,Parsian,20170109,1900.0,1860.0,1909.0,11198000,6020,2,D,1909.0,1860.0
1372,Parsian,20170111,1880.0,1880.0,1909.0,2833160,1507,1,D,1909.0,1880.0
1373,Parsian,20170114,1875.0,1850.0,1902.0,277185656,149336,21,D,1909.0,1850.0
1374,Parsian,20170115,1850.0,1820.0,1895.0,259299785,140629,17,D,1902.0,1825.0
1375,Parsian,20170116,1877.0,1820.0,1891.0,159489802,86647,43,D,1895.0,1877.0
1376,Parsian,20170117,1900.0,1822.0,1888.0,347950570,186131,11,D,1891.0,1822.0
1377,Parsian,20170118,1840.0,1820.0,1879.0,289015869,158524,22,D,1888.0,1820.0
1378,Parsian,20170121,1851.0,1822.0,1878.0,31933449,17460,8,D,1879.0,1830.0
1379,Parsian,20170122,1830.0,1820.0,1874.0,181048200,99275,19,D,1878.0,1820.0
1380,Parsian,20170123,1802.0,1785.0,1852.0,571610037,318804,37,D,1874.0,1790.0
1381,Parsian,20170124,1786.0,1780.0,1843.0,284963500,160000,8,D,1852.0,1780.0
1382,Parsian,20170125,1781.0,1780.0,1837.0,187607276,105396,7,D,1843.0,1780.0
1383,Parsian,20170128,1766.0,1760.0,1826.0,302490065,171767,16,D,1837.0,1760.0
1384,Parsian,20170129,1790.0,1750.0,1822.0,148577300,84264,16,D,1826.0,1750.0
1385,Parsian,20170130,1790.0,1750.0,1806.0,484180490,276334,22,D,1822.0,1750.0
1386,Parsian,20170131,1781.0,1716.0,1766.0,978515006,568262,34,D,1806.0,1720.0
1387,Parsian,20170201,1854.0,1715.0,1781.0,602382912,330914,51,D,1766.0,1854.0
1388,Parsian,20170204,1864.0,1781.0,1795.0,554845527,302292,50,D,1781.0,1781.0
1389,Parsian,20170205,1780.0,1743.0,1795.0,8068300,4600,4,D,1795.0,1749.0
1390,Parsian,20170206,1750.0,1720.0,1791.0,151197257,87038,18,D,1795.0,1721.0
1391,Parsian,20170207,1750.0,1720.0,1785.0,177413625,103100,13,D,1791.0,1740.0
1392,Parsian,20170208,1773.0,1711.0,1783.0,90451330,51976,8,D,1785.0,1740.0
1393,Parsian,20170211,1735.0,1702.0,1777.0,175371439,102603,15,D,1783.0,1706.0
1394,Parsian,20170213,1739.0,1710.0,1774.0,96442940,56370,7,D,1777.0,1710.0
1395,Parsian,20170214,1720.0,1706.0,1773.0,43048318,25059,15,D,1774.0,1719.0
1396,Parsian,20170215,1774.0,1750.0,1772.0,62684789,35752,15,D,1773.0,1750.0
1397,Parsian,20170218,1760.0,1749.0,1772.0,52729530,30010,5,D,1772.0,1760.0
1398,Parsian,20170219,1760.0,1751.0,1772.0,32202424,18317,4,D,1772.0,1752.0
1399,Parsian,20170220,1760.0,1758.0,1772.0,25427174,14450,6,D,1772.0,1758.0
1400,Parsian,20170221,1860.0,1758.0,1838.0,3844382013,2091104,153,D,1772.0,1860.0
1401,Parsian,20170222,1890.0,1760.0,1828.0,1229839183,675512,107,D,1838.0,1805.0
1402,Parsian,20170225,1826.0,1759.0,1820.0,411181620,230500,30,D,1828.0,1825.0
1403,Parsian,20170311,1789.0,1700.0,1764.0,311759198,176685,21,D,1820.0,1760.0
1404,Parsian,20170312,1852.0,1700.0,1803.0,1927377937,1066412,89,D,1764.0,1851.0
1405,Parsian,20170313,1880.0,1800.0,1831.0,1207067215,650659,66,D,1803.0,1880.0
1406,Parsian,20170314,1832.0,1786.0,1826.0,378256760,210111,27,D,1831.0,1800.0
1407,Parsian,20170315,1917.0,1790.0,1860.0,1760348090,941765,94,D,1826.0,1900.0
1408,Parsian,20170318,1953.0,1860.0,1938.0,2782330314,1435945,113,D,1860.0,1953.0
1409,Parsian,20170325,1942.0,1939.0,1938.0,25140972,12948,6,D,1938.0,1939.0
1410,Parsian,20170327,1900.0,1880.0,1935.0,162984660,86240,24,D,1938.0,1890.0
1411,Parsian,20170328,1900.0,1885.0,1934.0,52183980,27548,6,D,1935.0,1900.0
1412,Parsian,20170329,1930.0,1891.0,1934.0,7349988,3860,9,D,1934.0,1893.0
1413,Parsian,20170403,1930.0,1890.0,1933.0,56177960,29551,12,D,1934.0,1900.0
1414,Parsian,20170404,1959.0,1925.0,1933.0,59492777,30534,21,D,1933.0,1955.0
1415,Parsian,20170405,1959.0,1871.0,1928.0,249428163,132076,22,D,1933.0,1880.0
1416,Parsian,20170408,1895.0,1859.0,1922.0,258904773,137776,40,D,1928.0,1860.0
1417,Parsian,20170409,1881.0,1860.0,1914.0,319732260,171254,19,D,1922.0,1860.0
1418,Parsian,20170410,1910.0,1870.0,1911.0,168705723,90151,23,D,1914.0,1870.0
1419,Parsian,20170412,1920.0,1860.0,1898.0,932010418,495631,29,D,1911.0,1918.0
1420,Parsian,20170415,1953.0,1915.0,1903.0,364951378,189307,28,D,1898.0,1915.0
1421,Parsian,20170416,1912.0,1880.0,1901.0,183971745,97625,15,D,1903.0,1912.0
1422,Parsian,20170417,1910.0,1855.0,1889.0,706461656,378983,36,D,1901.0,1910.0
1423,Parsian,20170418,1895.0,1851.0,1887.0,190341425,102222,17,D,1889.0,1860.0
1424,Parsian,20170419,1870.0,1857.0,1884.0,251754518,135325,26,D,1887.0,1858.0
1425,Parsian,20170422,1919.0,1900.0,1885.0,115391100,60669,14,D,1884.0,1900.0
1426,Parsian,20170423,1895.0,1860.0,1875.0,1096860726,588495,45,D,1885.0,1862.0
1427,Parsian,20170424,1870.0,1854.0,1873.0,205911524,110855,13,D,1875.0,1854.0
1428,Parsian,20170426,1890.0,1856.0,1872.0,241442785,129821,11,D,1873.0,1859.0
1429,Parsian,20170429,1926.0,1870.0,1875.0,507606298,268954,47,D,1872.0,1919.0
1430,Parsian,20170430,1919.0,1864.0,1875.0,5111528,2695,5,D,1875.0,1900.0
1431,Parsian,20170501,1900.0,1861.0,1874.0,199136486,106563,30,D,1875.0,1870.0
1432,Parsian,20170502,1890.0,1890.0,1874.0,1134000,600,1,D,1874.0,1890.0
1433,Parsian,20170503,1885.0,1860.0,1873.0,277921454,149182,33,D,1874.0,1861.0
1434,Parsian,20170506,1880.0,1862.0,1873.0,16950692,9084,9,D,1873.0,1863.0
1435,Parsian,20170507,1861.0,1856.0,1873.0,25118322,13509,5,D,1873.0,1860.0
1436,Parsian,20170508,1900.0,1854.0,1873.0,107309295,57356,20,D,1873.0,1855.0
1437,Parsian,20170509,1966.0,1858.0,1961.0,5039240102,2569328,169,D,1873.0,1910.0
1438,Parsian,20170510,2016.0,1900.0,1963.0,1044086601,530937,55,D,1961.0,2016.0
1439,Parsian,20170513,1950.0,1949.0,1963.0,4497120,2307,4,D,1963.0,1949.0
1440,Parsian,20170514,1921.0,1900.0,1958.0,217151969,113691,12,D,1963.0,1915.0
1441,Parsian,20170515,1954.0,1861.0,1952.0,206320199,109227,27,D,1958.0,1954.0
1442,Parsian,20170516,1950.0,1891.0,1952.0,3061000,1600,2,D,1952.0,1891.0
1443,Parsian,20170517,1920.0,1870.0,1936.0,469865972,250543,31,D,1952.0,1871.0
1444,Parsian,20170520,1952.0,1893.0,1935.0,65849068,34502,8,D,1936.0,1893.0
1445,Parsian,20170521,1952.0,1900.0,1935.0,57227644,29498,17,D,1935.0,1940.0
1446,Parsian,20170522,1950.0,1911.0,1934.0,169687044,88512,16,D,1935.0,1911.0
1447,Parsian,20170523,1966.0,1910.0,1934.0,40615052,21159,10,D,1934.0,1966.0
1448,Parsian,20170524,1978.0,1960.0,1939.0,283962438,143741,24,D,1934.0,1965.0
1449,Parsian,20170527,1978.0,1927.0,1939.0,25769189,13107,4,D,1939.0,1927.0
1450,Parsian,20170528,1901.0,1901.0,1939.0,1901,1,1,D,1939.0,1901.0
1451,Parsian,20170529,1988.0,1890.0,1938.0,4622163343,2384475,128,D,1939.0,1939.0
1452,Parsian,20170530,1940.0,1920.0,1938.0,49259480,25626,6,D,1938.0,1930.0
1453,Parsian,20170531,1940.0,1922.0,1938.0,5800078,2999,3,D,1938.0,1940.0
1454,Parsian,20170603,1910.0,1881.0,1933.0,252603262,133152,12,D,1938.0,1910.0
1455,Parsian,20170606,1900.0,1871.0,1932.0,26454191,14064,7,D,1933.0,1880.0
1456,Parsian,20170607,1900.0,1881.0,1924.0,434371166,229887,28,D,1932.0,1883.0
1457,Parsian,20170610,1946.0,1870.0,1913.0,459336004,245403,17,D,1924.0,1935.0
1458,Parsian,20170611,1943.0,1880.0,1881.0,8847824527,4703041,210,D,1913.0,1884.0
1459,Parsian,20170612,1873.0,1872.0,1880.0,199572733,106608,8,D,1881.0,1873.0
1460,Parsian,20170613,1865.0,1859.0,1878.0,233479640,125274,5,D,1880.0,1865.0
1461,Parsian,20170614,1900.0,1900.0,1878.0,516800,272,1,D,1878.0,1900.0
1462,Parsian,20170617,1945.0,1867.0,1878.0,6101067385,3247971,157,D,1878.0,1945.0
1463,Parsian,20170618,1899.0,1849.0,1876.0,409388445,219365,16,D,1878.0,1851.0
1464,Parsian,20170619,1844.0,1844.0,1876.0,7783524,4221,6,D,1876.0,1844.0
1465,Parsian,20170620,1942.0,1845.0,1880.0,228289254,119441,15,D,1876.0,1942.0
1466,Parsian,20170621,1942.0,1900.0,1880.0,12910098,6742,5,D,1880.0,1942.0
1467,Parsian,20170624,1969.0,1851.0,1968.0,5996701275,3046509,159,D,1880.0,1969.0
1468,Parsian,20170625,1964.0,1964.0,1968.0,4026200,2050,2,D,1968.0,1964.0
1469,Parsian,20170628,1930.0,1930.0,1968.0,13033290,6753,6,D,1968.0,1930.0
1470,Parsian,20170701,1995.0,1925.0,1966.0,170059916,87506,15,D,1968.0,1995.0
1471,Parsian,20170702,1931.0,1873.0,1958.0,448184993,233027,14,D,1966.0,1930.0
1472,Parsian,20170703,1910.0,1901.0,1958.0,19921479,10479,2,D,1958.0,1910.0
1473,Parsian,20170704,1905.0,1901.0,1958.0,4756500,2500,3,D,1958.0,1905.0
1474,Parsian,20170708,2020.0,1897.0,1967.0,592167090,297169,30,D,1958.0,2020.0
1475,Parsian,20170712,2032.0,1980.0,2011.0,554513340,275709,20,D,1967.0,2031.0
1476,Parsian,20170715,2039.0,1965.0,2004.0,2348936056,1172014,70,D,2011.0,2018.0
1477,Parsian,20170716,2014.0,1910.0,2005.0,7943643925,3961778,235,D,2004.0,2000.0
1478,Parsian,20170724,1850.0,1850.0,1850.0,280219500,151470,10,D,1855.0,1850.0
1479,Parsian,20170725,1845.0,1761.0,1812.0,1246995589,698532,82,D,1850.0,1765.0
1480,Parsian,20170726,1820.0,1742.0,1804.0,1128661272,628153,50,D,1812.0,1760.0
1481,Parsian,20170729,1800.0,1715.0,1798.0,203392983,116582,12,D,1804.0,1734.0
1482,Parsian,20170730,1795.0,1735.0,1767.0,1303734179,745898,29,D,1798.0,1735.0
1483,Parsian,20170731,1765.0,1765.0,1767.0,7134130,4042,1,D,1767.0,1765.0
1484,Parsian,20170801,1798.0,1765.0,1767.0,43720050,24750,3,D,1767.0,1765.0
1485,Parsian,20170802,1750.0,1720.0,1764.0,158514209,91973,11,D,1767.0,1720.0
1486,Parsian,20170806,1783.0,1717.0,1763.0,83244698,47875,21,D,1764.0,1717.0
1487,Parsian,20170807,1720.0,1698.0,1743.0,671689357,394909,29,D,1763.0,1720.0
1488,Parsian,20170808,1759.0,1679.0,1740.0,109695727,64706,18,D,1743.0,1750.0
1489,Parsian,20170809,1681.0,1653.0,1695.0,1062472074,641750,38,D,1740.0,1654.0
1490,Parsian,20170812,1779.0,1650.0,1732.0,1247939025,709979,76,D,1695.0,1777.0
1491,Parsian,20170813,1799.0,1732.0,1741.0,375710711,210800,15,D,1732.0,1794.0
1492,Parsian,20170814,1790.0,1715.0,1785.0,2226474543,1247244,36,D,1741.0,1790.0
1493,Parsian,20170815,1755.0,1719.0,1781.0,234143175,133605,8,D,1785.0,1720.0
1494,Parsian,20170816,1785.0,1699.0,1777.0,638838578,361077,27,D,1781.0,1785.0
1495,Parsian,20170819,1795.0,1700.0,1779.0,543303118,304060,24,D,1777.0,1794.0
1496,Parsian,20170822,1797.0,1777.0,1780.0,89976896,50138,4,D,1779.0,1792.0
1497,Parsian,20170823,1785.0,1785.0,1780.0,1785000,1000,1,D,1780.0,1785.0
1498,Parsian,20170826,1786.0,1729.0,1785.0,2410616397,1350772,27,D,1780.0,1730.0
1499,Parsian,20170827,1724.0,1710.0,1778.0,242951065,141093,14,D,1785.0,1710.0
1500,Parsian,20170828,1712.0,1707.0,1776.0,68617058,40160,18,D,1778.0,1712.0
1501,Parsian,20170829,1716.0,1700.0,1764.0,321263185,188879,20,D,1776.0,1716.0
1502,Parsian,20170830,1749.0,1689.0,1760.0,140298160,82070,17,D,1764.0,1749.0
1503,Parsian,20170902,1750.0,1700.0,1747.0,763857301,442920,24,D,1760.0,1700.0
1504,Parsian,20170903,1730.0,1690.0,1742.0,214655958,126099,21,D,1747.0,1730.0
1505,Parsian,20170904,1733.0,1690.0,1737.0,255240368,149693,38,D,1742.0,1710.0
1506,Parsian,20170905,1733.0,1690.0,1734.0,228009530,133348,19,D,1737.0,1700.0
1507,Parsian,20170906,1733.0,1703.0,1733.0,78372760,45584,11,D,1734.0,1703.0
1508,Parsian,20170910,1711.0,1700.0,1731.0,145031170,85150,15,D,1733.0,1700.0
1509,Parsian,20170911,1739.0,1720.0,1731.0,45959239,26558,6,D,1731.0,1720.0
1510,Parsian,20170912,1745.0,1700.0,1730.0,181300860,105190,23,D,1731.0,1715.0
1511,Parsian,20170913,1730.0,1701.0,1729.0,126489834,73904,14,D,1730.0,1712.0
1512,Parsian,20170916,1766.0,1682.0,1729.0,64043988,37200,8,D,1729.0,1701.0
1513,Parsian,20170917,1750.0,1700.0,1725.0,383765886,224500,13,D,1729.0,1701.0
1514,Parsian,20170918,1800.0,1678.0,1741.0,718975111,406000,45,D,1725.0,1800.0
1515,Parsian,20170919,1785.0,1770.0,1770.0,21346237010,12059913,132,D,1741.0,1785.0
1516,Parsian,20170920,1858.0,1751.0,1789.0,762427346,418154,57,D,1770.0,1858.0
1517,Parsian,20170923,1878.0,1718.0,1860.0,22548235451,12122299,147,D,1789.0,1870.0
1518,Parsian,20170924,1880.0,1769.0,1858.0,58817499,32629,11,D,1860.0,1880.0
1519,Parsian,20170925,1800.0,1780.0,1857.0,19598720,10893,7,D,1858.0,1800.0
1520,Parsian,20170926,1830.0,1790.0,1855.0,72666614,40126,9,D,1857.0,1820.0
1521,Parsian,20170927,1849.0,1780.0,1853.0,122568874,67286,17,D,1855.0,1781.0
1522,Parsian,20171002,1790.0,1762.0,1840.0,346245748,195011,23,D,1853.0,1762.0
1523,Parsian,20171003,1780.0,1763.0,1837.0,69955350,39652,8,D,1840.0,1770.0
1524,Parsian,20171004,1808.0,1762.0,1837.0,6786560,3780,7,D,1837.0,1762.0
1525,Parsian,20171007,1800.0,1760.0,1836.0,18619480,10566,4,D,1837.0,1760.0
1526,Parsian,20171008,1760.0,1745.0,1824.0,318528725,181603,9,D,1836.0,1745.0
1527,Parsian,20171009,1750.0,1740.0,1820.0,101842114,58485,15,D,1824.0,1750.0
1528,Parsian,20171010,1750.0,1744.0,1817.0,80146048,45942,8,D,1820.0,1744.0
1529,Parsian,20171011,1780.0,1741.0,1816.0,41442119,23704,7,D,1817.0,1780.0
1530,Parsian,20171014,1799.0,1740.0,1814.0,58301983,33429,15,D,1816.0,1755.0
1531,Parsian,20171015,1750.0,1741.0,1812.0,62649116,35874,12,D,1814.0,1750.0
1532,Parsian,20171016,1775.0,1722.0,1729.0,2281127404,1319375,58,D,1812.0,1766.0
1533,Parsian,20171017,1766.0,1723.0,1730.0,232604861,133718,22,D,1729.0,1765.0
1534,Parsian,20171018,1768.0,1711.0,1731.0,310471405,178673,20,D,1730.0,1720.0
1535,Parsian,20171021,1716.0,1688.0,1722.0,432776594,256048,24,D,1731.0,1692.0
1536,Parsian,20171022,1721.0,1679.0,1719.0,146346136,87042,14,D,1722.0,1680.0
1537,Parsian,20171023,1744.0,1740.0,1719.0,3484000,2000,2,D,1719.0,1740.0
1538,Parsian,20171024,1730.0,1677.0,1718.0,76502155,45028,23,D,1719.0,1677.0
1539,Parsian,20171025,1680.0,1680.0,1718.0,1480080,881,1,D,1718.0,1680.0
1540,Parsian,20171028,1676.0,1660.0,1717.0,42373455,25500,10,D,1718.0,1660.0
1541,Parsian,20171029,1700.0,1674.0,1714.0,157765605,94103,27,D,1717.0,1674.0
1542,Parsian,20171030,1694.0,1671.0,1712.0,92714982,55349,8,D,1714.0,1680.0
1543,Parsian,20171031,1751.0,1669.0,1675.0,2959086717,1766225,102,D,1712.0,1670.0
1544,Parsian,20171101,1705.0,1690.0,1676.0,63025900,37100,14,D,1675.0,1705.0
1545,Parsian,20171104,1715.0,1680.0,1677.0,47247440,27788,18,D,1676.0,1715.0
1546,Parsian,20171105,1715.0,1641.0,1676.0,222360564,133115,54,D,1677.0,1680.0
1547,Parsian,20171106,1656.0,1645.0,1672.0,287335070,174368,36,D,1676.0,1645.0
1548,Parsian,20171107,1705.0,1672.0,1673.0,54263826,32000,42,D,1672.0,1700.0
1549,Parsian,20171108,1660.0,1650.0,1672.0,83553680,50590,7,D,1673.0,1652.0
1550,Parsian,20171111,1650.0,1645.0,1671.0,62913968,38182,16,D,1672.0,1645.0
1551,Parsian,20171112,1697.0,1645.0,1671.0,218157322,130823,94,D,1671.0,1645.0
1552,Parsian,20171113,1650.0,1588.0,1659.0,494023298,303948,32,D,1671.0,1588.0
1553,Parsian,20171114,1680.0,1610.0,1655.0,243998409,150047,47,D,1659.0,1610.0
1554,Parsian,20171115,1602.0,1593.0,1653.0,80300386,50307,22,D,1655.0,1597.0
1555,Parsian,20171118,1657.0,1587.0,1624.0,1023279490,640269,93,D,1653.0,1587.0
1556,Parsian,20171120,1600.0,1557.0,1609.0,462958565,295926,46,D,1624.0,1561.0
1557,Parsian,20171121,1598.0,1529.0,1560.0,1420619573,919767,119,D,1609.0,1537.0
1558,Parsian,20171122,1572.0,1500.0,1507.0,2816915028,1868902,235,D,1560.0,1525.0
1559,Parsian,20171125,1521.0,1499.0,1501.0,6462916542,4306691,174,D,1507.0,1501.0
1560,Parsian,20171126,1542.0,1497.0,1505.0,3612156046,2400234,158,D,1501.0,1521.0
1561,Parsian,20171128,1580.0,1523.0,1570.0,2247110500,1431044,177,D,1505.0,1580.0
1562,Parsian,20171129,1648.0,1592.0,1643.0,2306929826,1404470,198,D,1570.0,1648.0
1563,Parsian,20171202,1681.0,1583.0,1624.0,2251936047,1386236,95,D,1643.0,1583.0
1564,Parsian,20171203,1600.0,1543.0,1547.0,2272641951,1468645,167,D,1624.0,1560.0
1565,Parsian,20171204,1585.0,1512.0,1548.0,119434893,76591,32,D,1547.0,1570.0
1566,Parsian,20171205,1581.0,1537.0,1552.0,253365725,160583,21,D,1548.0,1580.0
1567,Parsian,20171209,1550.0,1535.0,1552.0,44535717,28969,17,D,1552.0,1535.0
1568,Parsian,20171210,1578.0,1536.0,1553.0,89176157,56850,58,D,1552.0,1547.0
1569,Parsian,20171211,1580.0,1520.0,1554.0,450030080,288965,97,D,1553.0,1540.0
1570,Parsian,20171212,1590.0,1518.0,1551.0,392316275,255100,125,D,1554.0,1518.0
1571,Parsian,20171213,1568.0,1500.0,1541.0,536888659,353560,84,D,1551.0,1540.0
1572,Parsian,20171216,1559.0,1511.0,1538.0,493755204,323055,35,D,1541.0,1523.0
1573,Parsian,20171217,1545.0,1518.0,1537.0,231139805,151228,43,D,1538.0,1520.0
1574,Parsian,20171218,1562.0,1510.0,1535.0,484255983,317002,100,D,1537.0,1534.0
1575,Parsian,20171219,1545.0,1506.0,1533.0,298906372,196123,142,D,1535.0,1510.0
1576,Parsian,20171220,1515.0,1500.0,1526.0,429313391,285328,82,D,1533.0,1500.0
1577,Parsian,20171223,1508.0,1496.0,1523.0,231280125,153853,34,D,1526.0,1500.0
1578,Parsian,20171224,1530.0,1493.0,1522.0,342183464,225844,105,D,1523.0,1505.0
1579,Parsian,20171225,1522.0,1493.0,1521.0,89237592,59318,28,D,1522.0,1500.0
1580,Parsian,20171226,1546.0,1489.0,1520.0,193042140,127442,92,D,1521.0,1500.0
1581,Parsian,20171227,1540.0,1503.0,1520.0,14490881,9595,9,D,1520.0,1519.0
1582,Parsian,20171230,1545.0,1481.0,1516.0,310689472,207583,52,D,1520.0,1500.0
1583,Parsian,20171231,1516.0,1441.0,1485.0,836906819,576680,66,D,1516.0,1455.0
1584,Parsian,20180101,1500.0,1426.0,1486.0,526959520,354013,139,D,1485.0,1480.0
1585,Parsian,20180102,1500.0,1440.0,1475.0,989339959,674905,66,D,1486.0,1499.0
1586,Parsian,20180103,1455.0,1450.0,1474.0,91572950,63141,13,D,1475.0,1450.0
1587,Parsian,20180106,1523.0,1490.0,1483.0,453119714,300349,32,D,1474.0,1503.0
1588,Parsian,20180107,1528.0,1500.0,1486.0,161720970,106346,73,D,1483.0,1500.0
1589,Parsian,20180108,1530.0,1490.0,1490.0,268653729,177366,177,D,1486.0,1530.0
1590,Parsian,20180109,1527.0,1497.0,1491.0,186629535,124239,17,D,1490.0,1500.0
1591,Parsian,20180110,1520.0,1500.0,1492.0,160614500,107063,11,D,1491.0,1500.0
1592,Parsian,20180113,1500.0,1470.0,1490.0,240831301,163274,17,D,1492.0,1470.0
1593,Parsian,20180114,1520.0,1490.0,1491.0,109846704,72774,14,D,1490.0,1504.0
1594,Parsian,20180115,1529.0,1470.0,1490.0,140559718,94892,15,D,1491.0,1472.0
1595,Parsian,20180116,1510.0,1487.0,1491.0,247794429,165285,19,D,1490.0,1487.0
1596,Parsian,20180117,1475.0,1470.0,1490.0,54815100,37240,13,D,1491.0,1472.0
1597,Parsian,20180120,1490.0,1490.0,1490.0,99345750,66675,7,D,1490.0,1490.0
1598,Parsian,20180121,1470.0,1420.0,1436.0,1951419637,1358999,84,D,1490.0,1420.0
1599,Parsian,20180122,1440.0,1372.0,1417.0,724202114,520203,300,D,1436.0,1380.0
1600,Parsian,20180123,1420.0,1347.0,1364.0,1458739794,1074669,233,D,1417.0,1347.0
1601,Parsian,20180124,1351.0,1309.0,1354.0,768388878,572104,57,D,1364.0,1309.0
1602,Parsian,20180127,1323.0,1287.0,1292.0,2197997683,1700839,151,D,1354.0,1287.0
1603,Parsian,20180128,1315.0,1228.0,1238.0,2269814619,1832915,162,D,1292.0,1228.0
1604,Parsian,20180129,1201.0,1177.0,1178.0,6068744209,5149915,324,D,1238.0,1177.0
1605,Parsian,20180130,1160.0,1120.0,1122.0,5001263932,4457060,269,D,1178.0,1141.0
1606,Parsian,20180131,1178.0,1160.0,1178.0,4567087995,3877981,183,D,1122.0,1178.0
1607,Parsian,20180203,1232.0,1178.0,1216.0,2456281599,2020084,383,D,1178.0,1190.0
1608,Parsian,20180204,1219.0,1190.0,1208.0,577235630,482723,55,D,1216.0,1190.0
1609,Parsian,20180205,1212.0,1149.0,1179.0,988905492,847832,88,D,1208.0,1168.0
1610,Parsian,20180206,1170.0,1145.0,1176.0,170512009,147495,34,D,1179.0,1145.0
1611,Parsian,20180207,1202.0,1141.0,1186.0,919607320,771406,274,D,1176.0,1190.0
1612,Parsian,20180210,1200.0,1173.0,1188.0,360622603,301878,42,D,1186.0,1195.0
1613,Parsian,20180212,1205.0,1170.0,1190.0,602655526,504896,45,D,1188.0,1197.0
1614,Parsian,20180213,1190.0,1170.0,1186.0,411641647,350100,39,D,1190.0,1175.0
1615,Parsian,20180214,1180.0,1171.0,1183.0,293910336,250389,27,D,1186.0,1179.0
1616,Parsian,20180217,1180.0,1148.0,1178.0,341747078,293779,51,D,1183.0,1151.0
1617,Parsian,20180218,1163.0,1140.0,1175.0,135120904,118228,17,D,1178.0,1163.0
1618,Parsian,20180219,1160.0,1132.0,1172.0,130495764,114160,21,D,1175.0,1150.0
1619,Parsian,20180221,1160.0,1120.0,1152.0,787747586,692589,69,D,1172.0,1120.0
1620,Parsian,20180224,1163.0,1125.0,1151.0,261057234,227921,209,D,1152.0,1150.0
1621,Parsian,20180225,1160.0,1138.0,1151.0,106389268,92798,24,D,1151.0,1160.0
1622,Parsian,20180226,1160.0,1145.0,1151.0,85085820,74020,17,D,1151.0,1145.0
1623,Parsian,20180227,1160.0,1130.0,1149.0,153676109,135334,18,D,1151.0,1150.0
1624,Parsian,20180228,1195.0,1150.0,1158.0,373585338,316038,388,D,1149.0,1162.0
1625,Parsian,20180303,1187.0,1148.0,1158.0,155636710,134536,26,D,1158.0,1150.0
1626,Parsian,20180304,1176.0,1151.0,1159.0,138548162,118190,150,D,1158.0,1160.0
1627,Parsian,20180305,1170.0,1133.0,1156.0,203855897,178847,42,D,1159.0,1160.0
1628,Parsian,20180306,1161.0,1133.0,1155.0,179373344,156294,29,D,1156.0,1150.0
1629,Parsian,20180307,1160.0,1130.0,1155.0,165806569,143500,184,D,1155.0,1150.0
1630,Parsian,20180310,1155.0,1137.0,1155.0,49193650,42851,13,D,1155.0,1137.0
1631,Parsian,20180311,1155.0,1126.0,1150.0,512132577,448786,179,D,1155.0,1132.0
1632,Parsian,20180312,1140.0,1124.0,1149.0,74675983,66046,23,D,1150.0,1124.0
1633,Parsian,20180313,1206.0,1137.0,1195.0,1980840294,1656943,124,D,1149.0,1199.0
1634,Parsian,20180314,1250.0,1169.0,1230.0,1965504791,1598586,149,D,1195.0,1234.0
1635,Parsian,20180317,1285.0,1221.0,1267.0,1807837027,1427256,379,D,1230.0,1265.0
1636,Parsian,20180318,1330.0,1230.0,1301.0,2947268127,2266253,138,D,1267.0,1330.0
1637,Parsian,20180319,1366.0,1327.0,1365.0,2654217159,1943939,764,D,1301.0,1366.0
1638,Parsian,20180325,1410.0,1315.0,1364.0,132799715,97976,25,D,1365.0,1315.0
1639,Parsian,20180326,1360.0,1296.0,1333.0,743322777,572099,52,D,1364.0,1296.0
1640,Parsian,20180327,1285.0,1267.0,1325.0,217507801,170372,24,D,1333.0,1280.0
1641,Parsian,20180328,1380.0,1314.0,1327.0,201294377,149830,191,D,1325.0,1314.0
1642,Parsian,20180403,1367.0,1303.0,1327.0,53013783,39674,19,D,1327.0,1349.0
1643,Parsian,20180404,1330.0,1302.0,1326.0,94719670,72640,10,D,1327.0,1329.0
1644,Parsian,20180407,1352.0,1263.0,1322.0,213565926,165125,23,D,1326.0,1300.0
1645,Parsian,20180408,1325.0,1259.0,1316.0,370461078,285474,43,D,1322.0,1260.0
1646,Parsian,20180409,1266.0,1251.0,1281.0,803459189,642034,31,D,1316.0,1251.0
1647,Parsian,20180410,1251.0,1217.0,1256.0,630809994,516300,37,D,1281.0,1217.0
1648,Parsian,20180411,1202.0,1194.0,1233.0,539104504,451210,23,D,1256.0,1194.0
1649,Parsian,20180415,1249.0,1172.0,1193.0,1046426000,887399,49,D,1233.0,1172.0
1650,Parsian,20180416,1199.0,1134.0,1135.0,4509596098,3972947,113,D,1193.0,1151.0
1651,Parsian,20180417,1191.0,1170.0,1180.0,1669338605,1414662,72,D,1135.0,1191.0
1652,Parsian,20180418,1239.0,1180.0,1209.0,2031091096,1680476,113,D,1180.0,1239.0
1653,Parsian,20180421,1269.0,1241.0,1244.0,978756912,775009,65,D,1209.0,1250.0
1654,Parsian,20180422,1306.0,1270.0,1267.0,635547788,488309,65,D,1244.0,1306.0
1655,Parsian,20180423,1330.0,1300.0,1293.0,829508145,629820,78,D,1267.0,1330.0
1656,Parsian,20180424,1355.0,1310.0,1301.0,422809410,319511,27,D,1293.0,1320.0
1657,Parsian,20180425,1330.0,1310.0,1304.0,307836791,233649,31,D,1301.0,1322.0
1658,Parsian,20180428,1337.0,1304.0,1307.0,506653997,385758,39,D,1304.0,1304.0
1659,Parsian,20180429,1337.0,1305.0,1307.0,49092116,37386,11,D,1307.0,1306.0
1660,Parsian,20180430,1340.0,1307.0,1308.0,266212130,202527,16,D,1307.0,1313.0
1661,Parsian,20180501,1329.0,1313.0,1308.0,26030900,19800,6,D,1308.0,1313.0
1662,Parsian,20180505,1332.0,1305.0,1309.0,283749426,216025,23,D,1308.0,1320.0
1663,Parsian,20180506,1335.0,1310.0,1311.0,334324680,253476,28,D,1309.0,1327.0
1664,Parsian,20180507,1332.0,1300.0,1313.0,546693214,414911,30,D,1311.0,1330.0
1665,Parsian,20180508,1330.0,1313.0,1313.0,141295999,107288,16,D,1313.0,1313.0
1666,Parsian,20180509,1330.0,1251.0,1312.0,785641266,599708,54,D,1313.0,1330.0
1667,Parsian,20180512,1329.0,1300.0,1312.0,649739248,495197,32,D,1312.0,1320.0
1668,Parsian,20180513,1321.0,1321.0,1312.0,8585179,6499,2,D,1312.0,1321.0
1669,Parsian,20180514,1330.0,1318.0,1313.0,105852000,79800,12,D,1312.0,1318.0
1670,Parsian,20180515,1330.0,1320.0,1313.0,61743590,46610,14,D,1313.0,1330.0
1671,Parsian,20180516,1325.0,1313.0,1313.0,127182647,96670,16,D,1313.0,1325.0
1672,Parsian,20180519,1330.0,1315.0,1313.0,46945220,35548,11,D,1313.0,1329.0
1673,Parsian,20180520,1330.0,1310.0,1313.0,990615556,754828,42,D,1313.0,1315.0
1674,Parsian,20180521,1329.0,1310.0,1313.0,251444625,191328,27,D,1313.0,1329.0
1675,Parsian,20180522,1330.0,1313.0,1314.0,318957150,242150,24,D,1313.0,1314.0
1676,Parsian,20180523,1330.0,1330.0,1314.0,5320000,4000,1,D,1314.0,1330.0
1677,Parsian,20180526,1330.0,1290.0,1311.0,521847355,399788,26,D,1314.0,1290.0
1678,Parsian,20180527,1319.0,1260.0,1311.0,27424302,21262,10,D,1311.0,1312.0
1679,Parsian,20180528,1329.0,1251.0,1309.0,105627341,82838,23,D,1311.0,1329.0
1680,Parsian,20180529,1319.0,1260.0,1308.0,106467704,82370,14,D,1309.0,1319.0
1681,Parsian,20180530,1329.0,1270.0,1308.0,8350744,6350,4,D,1308.0,1329.0
1682,Parsian,20180602,1327.0,1262.0,1305.0,144590814,113192,36,D,1308.0,1327.0
1683,Parsian,20180609,1304.0,1248.0,1305.0,11752412,9196,4,D,1305.0,1304.0
1684,Parsian,20180610,1305.0,1250.0,1304.0,27044293,21224,10,D,1305.0,1305.0
1685,Parsian,20180611,1321.0,1274.0,1304.0,22248250,17179,16,D,1304.0,1300.0
1686,Parsian,20180612,1300.0,1239.0,1296.0,505248751,395034,38,D,1304.0,1300.0
1687,Parsian,20180613,1333.0,1260.0,1295.0,281461799,217888,22,D,1296.0,1329.0
1688,Parsian,20180617,1359.0,1280.0,1307.0,479047213,358739,41,D,1295.0,1280.0
1689,Parsian,20180618,1285.0,1242.0,1290.0,523249008,416124,36,D,1307.0,1243.0
1690,Parsian,20180623,1300.0,1250.0,1275.0,635972235,498680,39,D,1290.0,1300.0
1691,Parsian,20180624,1319.0,1260.0,1283.0,800678296,620032,56,D,1275.0,1316.0
1692,Parsian,20180625,1347.0,1290.0,1343.0,2480072451,1847166,116,D,1283.0,1347.0
1693,Parsian,20180626,1380.0,1305.0,1345.0,847372883,628726,62,D,1343.0,1342.0
1694,Parsian,20180627,1393.0,1345.0,1367.0,1931642867,1413469,72,D,1345.0,1365.0
1695,Parsian,20180630,1370.0,1367.0,1367.0,91624287,66960,20,D,1367.0,1370.0
1696,Parsian,20180701,1401.0,1340.0,1368.0,168494948,122201,18,D,1367.0,1388.0
1697,Parsian,20180702,1399.0,1335.0,1372.0,764251626,555332,47,D,1368.0,1397.0
1698,Parsian,20180710,1283.0,1225.0,1251.0,234583080,187514,28,D,1222.0,1225.0
1699,Parsian,20180711,1278.0,1221.0,1249.0,307140995,247375,25,D,1251.0,1221.0
1700,Parsian,20180714,1269.0,1210.0,1244.0,261422646,213697,20,D,1249.0,1269.0
1701,Parsian,20180715,1240.0,1217.0,1244.0,36764783,29714,5,D,1244.0,1240.0
1702,Parsian,20180716,1240.0,1208.0,1239.0,288882380,236736,16,D,1244.0,1240.0
1703,Parsian,20180717,1257.0,1204.0,1238.0,119487754,97398,22,D,1239.0,1254.0
1704,Parsian,20180718,1206.0,1202.0,1236.0,68413810,56905,7,D,1238.0,1202.0
1705,Parsian,20180721,1200.0,1190.0,1222.0,453134940,379994,12,D,1236.0,1200.0
1706,Parsian,20180722,1227.0,1190.0,1217.0,231077722,194093,9,D,1222.0,1227.0
1707,Parsian,20180723,1229.0,1182.0,1217.0,75604002,62010,13,D,1217.0,1220.0
1708,Parsian,20180724,1184.0,1182.0,1215.0,95885436,81103,6,D,1217.0,1182.0
1709,Parsian,20180725,1228.0,1155.0,1192.0,628786786,540698,45,D,1215.0,1228.0
1710,Parsian,20180728,1216.0,1150.0,1190.0,332054228,280149,26,D,1192.0,1216.0
1711,Parsian,20180729,1161.0,1160.0,1189.0,37719040,32514,4,D,1190.0,1161.0
1712,Parsian,20180730,1196.0,1155.0,1186.0,201609379,172499,26,D,1189.0,1155.0
1713,Parsian,20180731,1210.0,1155.0,1187.0,332396533,279300,38,D,1186.0,1210.0
1714,Parsian,20180801,1191.0,1181.0,1186.0,130769700,110700,12,D,1187.0,1181.0
1715,Parsian,20180804,1181.0,1141.0,1184.0,287298550,244200,21,D,1186.0,1141.0
1716,Parsian,20180805,1200.0,1150.0,1180.0,337125989,288994,24,D,1184.0,1150.0
1717,Parsian,20180806,1179.0,1150.0,1174.0,335873338,290479,25,D,1180.0,1150.0
1718,Parsian,20180807,1161.0,1145.0,1173.0,61963640,53824,10,D,1174.0,1150.0
1719,Parsian,20180808,1208.0,1151.0,1177.0,381530838,321105,27,D,1173.0,1180.0
1720,Parsian,20180811,1210.0,1180.0,1178.0,147751560,125000,6,D,1177.0,1190.0
1721,Parsian,20180812,1205.0,1162.0,1178.0,26172200,21950,10,D,1178.0,1190.0
1722,Parsian,20180813,1170.0,1167.0,1178.0,12845025,10979,4,D,1178.0,1170.0
1723,Parsian,20180814,1209.0,1146.0,1178.0,544153800,462140,45,D,1178.0,1180.0
1724,Parsian,20180815,1164.0,1160.0,1176.0,186815010,161000,13,D,1178.0,1160.0
1725,Parsian,20180818,1197.0,1160.0,1176.0,53497936,45418,21,D,1176.0,1180.0
1726,Parsian,20180819,1218.0,1160.0,1183.0,382468925,318047,47,D,1176.0,1190.0
1727,Parsian,20180820,1222.0,1186.0,1188.0,272831480,226018,24,D,1183.0,1210.0
1728,Parsian,20180821,1230.0,1200.0,1198.0,549650880,452906,16,D,1188.0,1229.0
1729,Parsian,20180825,1220.0,1167.0,1198.0,131466855,110166,28,D,1198.0,1200.0
1730,Parsian,20180826,1257.0,1189.0,1236.0,2132885174,1725582,98,D,1198.0,1257.0
1731,Parsian,20180827,1297.0,1246.0,1270.0,1010463920,784522,81,D,1236.0,1297.0
1732,Parsian,20180828,1330.0,1281.0,1273.0,137111410,104995,15,D,1270.0,1305.0
1733,Parsian,20180829,1318.0,1280.0,1282.0,332808220,253207,16,D,1273.0,1318.0
1734,Parsian,20180901,1333.0,1300.0,1286.0,294813008,226498,26,D,1282.0,1333.0
1735,Parsian,20180902,1350.0,1333.0,1349.0,1855697996,1376058,92,D,1286.0,1350.0
1736,Parsian,20180903,1396.0,1332.0,1351.0,492407727,363014,37,D,1349.0,1349.0
1737,Parsian,20180904,1400.0,1351.0,1363.0,494777128,355173,30,D,1351.0,1400.0
1738,Parsian,20180905,1417.0,1380.0,1366.0,149887486,107214,25,D,1363.0,1400.0
1739,Parsian,20180908,1434.0,1400.0,1411.0,1197165572,836812,90,D,1366.0,1434.0
1740,Parsian,20180909,1475.0,1442.0,1418.0,283102261,194592,35,D,1411.0,1451.0
1741,Parsian,20180910,1480.0,1440.0,1426.0,485637576,336114,41,D,1418.0,1476.0
1742,Parsian,20180911,1497.0,1413.0,1496.0,14836076827,9916249,413,D,1426.0,1497.0
1743,Parsian,20180912,1570.0,1534.0,1568.0,13781398848,8791173,449,D,1496.0,1570.0
1744,Parsian,20180915,1646.0,1570.0,1636.0,14146341021,8644990,696,D,1568.0,1646.0
1745,Parsian,20180916,1647.0,1570.0,1608.0,5646954930,3512407,561,D,1636.0,1635.0
1746,Parsian,20180917,1670.0,1556.0,1600.0,3956788771,2473336,252,D,1608.0,1610.0
1747,Parsian,20180918,1650.0,1571.0,1607.0,4548214620,2830803,357,D,1600.0,1650.0
1748,Parsian,20180922,1687.0,1670.0,1686.0,10210646670,6055721,320,D,1607.0,1687.0
1749,Parsian,20180923,1770.0,1702.0,1767.0,16107821867,9114521,702,D,1686.0,1750.0
1750,Parsian,20180924,1850.0,1690.0,1752.0,3651968450,2084103,268,D,1767.0,1710.0
1751,Parsian,20180925,1839.0,1710.0,1811.0,16798952442,9275207,548,D,1752.0,1800.0
1752,Parsian,20180926,1901.0,1750.0,1854.0,20824660369,11234137,724,D,1811.0,1804.0
1753,Parsian,20180929,1887.0,1798.0,1826.0,32998309769,18073672,1419,D,1854.0,1800.0
1754,Parsian,20180930,1917.0,1870.0,1910.0,87074206488,45580453,2176,D,1826.0,1917.0
1755,Parsian,20181001,2005.0,1840.0,1998.0,106420095595,53273948,2028,D,1910.0,2005.0
1756,Parsian,20181002,2097.0,1901.0,2054.0,104693241858,50971500,2280,D,1998.0,1964.0
1757,Parsian,20181003,2156.0,2061.0,2136.0,90852715334,42529187,1658,D,2054.0,2156.0
1758,Parsian,20181006,2242.0,2030.0,2164.0,89358193907,41289285,1972,D,2136.0,2054.0
1759,Parsian,20181007,2056.0,2056.0,2056.0,4009442608,1950118,93,D,2164.0,2056.0
1760,Parsian,20181008,1954.0,1954.0,1977.0,1820707890,931785,38,D,2056.0,1954.0
1761,Parsian,20181009,1948.0,1879.0,1893.0,68986512491,36433581,1658,D,1977.0,1879.0
1762,Parsian,20181010,1874.0,1799.0,1810.0,6457758730,3568799,136,D,1893.0,1799.0
1763,Parsian,20181013,1720.0,1720.0,1720.0,2984736640,1735312,48,D,1810.0,1720.0
1764,Parsian,20181014,1634.0,1634.0,1677.0,989003010,605265,23,D,1720.0,1634.0
1765,Parsian,20181015,1710.0,1594.0,1622.0,34415913732,21216378,1441,D,1677.0,1652.0
1766,Parsian,20181016,1703.0,1620.0,1693.0,21929146826,12955190,723,D,1622.0,1680.0
1767,Parsian,20181017,1667.0,1609.0,1615.0,21648877001,13406477,723,D,1693.0,1620.0
1768,Parsian,20181020,1695.0,1600.0,1689.0,21355318708,12645863,659,D,1615.0,1695.0
1769,Parsian,20181021,1773.0,1651.0,1731.0,19006761149,10977716,794,D,1689.0,1700.0
1770,Parsian,20181022,1728.0,1645.0,1655.0,13446035399,8123565,448,D,1731.0,1645.0
1771,Parsian,20181023,1650.0,1573.0,1585.0,3972986333,2505981,146,D,1655.0,1573.0
1772,Parsian,20181024,1570.0,1506.0,1519.0,10450435906,6881594,411,D,1585.0,1506.0
1773,Parsian,20181027,1490.0,1444.0,1449.0,19158130144,13221230,685,D,1519.0,1444.0
1774,Parsian,20181028,1521.0,1421.0,1475.0,10241097672,6941732,459,D,1449.0,1521.0
1775,Parsian,20181029,1548.0,1500.0,1536.0,10739613358,6991441,484,D,1475.0,1500.0
1776,Parsian,20181031,1578.0,1494.0,1511.0,12610759584,8347811,602,D,1536.0,1500.0
1777,Parsian,20181103,1539.0,1480.0,1495.0,2577236511,1724296,203,D,1511.0,1485.0
1778,Parsian,20181104,1511.0,1430.0,1462.0,3092847052,2115671,215,D,1495.0,1450.0
1779,Parsian,20181105,1529.0,1470.0,1497.0,4838077878,3230791,291,D,1462.0,1529.0
1780,Parsian,20181106,1536.0,1460.0,1481.0,2895880229,1954798,269,D,1497.0,1490.0
1781,Parsian,20181110,1508.0,1428.0,1462.0,7220681506,4937607,374,D,1481.0,1428.0
1782,Parsian,20181111,1485.0,1432.0,1452.0,4158186971,2863941,260,D,1462.0,1445.0
1783,Parsian,20181112,1491.0,1450.0,1470.0,8531679945,5804916,293,D,1452.0,1481.0
1784,Parsian,20181113,1496.0,1462.0,1478.0,3712545609,2511027,243,D,1470.0,1465.0
1785,Parsian,20181114,1477.0,1430.0,1440.0,3136214321,2177617,215,D,1478.0,1449.0
1786,Parsian,20181117,1479.0,1381.0,1422.0,4332811142,3047288,360,D,1440.0,1399.0
1787,Parsian,20181118,1436.0,1351.0,1363.0,6380514590,4682823,357,D,1422.0,1360.0
1788,Parsian,20181119,1394.0,1300.0,1345.0,5624651922,4180862,394,D,1363.0,1380.0
1789,Parsian,20181120,1399.0,1350.0,1373.0,4395368625,3200413,298,D,1345.0,1398.0
1790,Parsian,20181121,1420.0,1380.0,1405.0,7331664350,5218818,267,D,1373.0,1393.0
1791,Parsian,20181124,1430.0,1335.0,1348.0,3408062264,2528988,274,D,1405.0,1353.0
1792,Parsian,20181126,1350.0,1296.0,1305.0,3962214471,3035780,253,D,1348.0,1320.0
1793,Parsian,20181127,1359.0,1287.0,1310.0,4110575172,3137874,282,D,1305.0,1320.0
1794,Parsian,20181128,1330.0,1300.0,1310.0,2998923484,2289987,206,D,1310.0,1327.0
1795,Parsian,20181201,1345.0,1255.0,1277.0,3509713012,2747918,237,D,1310.0,1263.0
1796,Parsian,20181202,1307.0,1250.0,1273.0,4118178773,3233880,269,D,1277.0,1290.0
1797,Parsian,20181203,1318.0,1267.0,1298.0,2954774605,2277170,269,D,1273.0,1294.0
1798,Parsian,20181204,1305.0,1264.0,1280.0,2739554274,2141056,224,D,1298.0,1270.0
1799,Parsian,20181205,1323.0,1280.0,1309.0,4449035923,3399070,320,D,1280.0,1313.0
1800,Parsian,20181208,1355.0,1315.0,1339.0,2451137919,1830456,313,D,1309.0,1330.0
1801,Parsian,20181209,1350.0,1292.0,1306.0,3333819620,2553304,339,D,1339.0,1307.0
1802,Parsian,20181210,1320.0,1285.0,1298.0,1955092887,1506757,197,D,1306.0,1305.0
1803,Parsian,20181211,1300.0,1280.0,1294.0,1144127236,885209,141,D,1298.0,1298.0
1804,Parsian,20181212,1325.0,1240.0,1268.0,26155977987,20628363,1268,D,1294.0,1300.0
1805,Parsian,20181215,1325.0,1286.0,1305.0,4905105527,3758260,416,D,1268.0,1299.0
1806,Parsian,20181216,1321.0,1249.0,1263.0,7623905044,6037144,540,D,1305.0,1272.0
1807,Parsian,20181217,1271.0,1239.0,1251.0,2811533502,2246729,273,D,1263.0,1239.0
1808,Parsian,20181218,1267.0,1232.0,1246.0,1800738803,1444906,209,D,1251.0,1240.0
1809,Parsian,20181219,1263.0,1219.0,1231.0,1270798561,1034216,179,D,1246.0,1236.0
1810,Parsian,20181222,1250.0,1215.0,1234.0,3481641002,2822425,186,D,1231.0,1239.0
1811,Parsian,20181223,1270.0,1240.0,1249.0,1912183179,1530366,210,D,1234.0,1270.0
1812,Parsian,20181224,1276.0,1238.0,1255.0,2559326384,2038502,184,D,1249.0,1270.0
1813,Parsian,20181225,1261.0,1233.0,1248.0,2217393206,1776517,186,D,1255.0,1260.0
1814,Parsian,20181226,1275.0,1230.0,1256.0,13325076935,10606997,608,D,1248.0,1275.0
1815,Parsian,20181229,1284.0,1260.0,1272.0,1797327116,1413298,172,D,1256.0,1272.0
1816,Parsian,20181230,1272.0,1242.0,1255.0,4656037100,3710587,371,D,1272.0,1250.0
1817,Parsian,20181231,1260.0,1237.0,1244.0,2116254418,1700648,217,D,1255.0,1257.0
1818,Parsian,20190101,1306.0,1244.0,1291.0,7802718573,6045334,459,D,1244.0,1306.0
1819,Parsian,20190102,1355.0,1300.0,1344.0,14287683834,10629691,684,D,1291.0,1355.0
1820,Parsian,20190105,1390.0,1350.0,1368.0,5951921035,4350573,401,D,1344.0,1380.0
1821,Parsian,20190106,1420.0,1368.0,1400.0,5297287347,3783081,462,D,1368.0,1418.0
1822,Parsian,20190107,1428.0,1390.0,1409.0,2843378314,2017300,275,D,1400.0,1409.0
1823,Parsian,20190108,1408.0,1360.0,1378.0,1939637589,1407624,202,D,1409.0,1379.0
1824,Parsian,20190109,1395.0,1365.0,1376.0,3741154514,2718492,257,D,1378.0,1378.0
1825,Parsian,20190112,1380.0,1350.0,1369.0,3139887273,2293881,214,D,1376.0,1370.0
1826,Parsian,20190113,1400.0,1360.0,1390.0,2250653874,1619750,208,D,1369.0,1400.0
1827,Parsian,20190114,1407.0,1363.0,1393.0,5077772831,3646257,286,D,1390.0,1397.0
1828,Parsian,20190115,1402.0,1360.0,1385.0,10574117153,7633940,462,D,1393.0,1385.0
1829,Parsian,20190116,1425.0,1390.0,1404.0,3110274767,2215645,203,D,1385.0,1400.0
1830,Parsian,20190119,1419.0,1377.0,1401.0,1470635734,1050293,144,D,1404.0,1395.0
1831,Parsian,20190120,1390.0,1362.0,1380.0,1137825091,830402,158,D,1401.0,1380.0
1832,Parsian,20190121,1398.0,1335.0,1353.0,4157302352,3072555,229,D,1380.0,1398.0
1833,Parsian,20190122,1389.0,1350.0,1358.0,3278142697,2413646,164,D,1353.0,1354.0
1834,Parsian,20190123,1380.0,1341.0,1351.0,1579920720,1169681,202,D,1358.0,1360.0
1835,Parsian,20190126,1360.0,1322.0,1342.0,1793336970,1335988,124,D,1351.0,1330.0
1836,Parsian,20190127,1354.0,1312.0,1331.0,5048573763,3794118,228,D,1342.0,1320.0
1837,Parsian,20190128,1354.0,1310.0,1316.0,2246003734,1707208,169,D,1331.0,1319.0
1838,Parsian,20190129,1324.0,1300.0,1307.0,2290317572,1752585,165,D,1316.0,1300.0
1839,Parsian,20190130,1343.0,1300.0,1319.0,2703850573,2049430,168,D,1307.0,1328.0
1840,Parsian,20190202,1358.0,1330.0,1338.0,1201537262,893678,149,D,1319.0,1358.0
1841,Parsian,20190203,1365.0,1338.0,1357.0,3234587213,2384044,221,D,1338.0,1361.0
1842,Parsian,20190204,1365.0,1330.0,1347.0,1858531884,1379388,124,D,1357.0,1360.0
1843,Parsian,20190205,1390.0,1338.0,1371.0,2834832054,2067466,197,D,1347.0,1388.0
1844,Parsian,20190206,1408.0,1360.0,1391.0,2586233976,1858916,188,D,1371.0,1393.0
1845,Parsian,20190210,1414.0,1368.0,1386.0,1939588047,1399009,176,D,1391.0,1399.0
1846,Parsian,20190212,1410.0,1393.0,1400.0,2730567178,1949976,247,D,1386.0,1410.0
1847,Parsian,20190213,1410.0,1380.0,1396.0,1468800345,1052782,122,D,1400.0,1399.0
1848,Parsian,20190216,1450.0,1400.0,1424.0,3685298032,2587385,256,D,1396.0,1430.0
1849,Parsian,20190217,1495.0,1424.0,1484.0,7784521427,5245741,403,D,1424.0,1495.0
1850,Parsian,20190218,1536.0,1480.0,1513.0,5484468951,3624124,479,D,1484.0,1520.0
1851,Parsian,20190219,1521.0,1455.0,1473.0,1852458376,1257334,211,D,1513.0,1456.0
1852,Parsian,20190220,1502.0,1453.0,1485.0,2556918638,1721966,210,D,1473.0,1475.0
1853,Parsian,20190223,1508.0,1454.0,1471.0,2758282842,1874875,221,D,1485.0,1480.0
1854,Parsian,20190224,1507.0,1461.0,1477.0,605606171,406612,96,D,1471.0,1490.0
1855,Parsian,20190225,1496.0,1450.0,1460.0,1989846148,1363134,134,D,1477.0,1463.0
1856,Parsian,20190226,1533.0,1450.0,1520.0,17393398713,11441623,728,D,1460.0,1533.0
1857,Parsian,20190227,1574.0,1537.0,1553.0,1598991251,1025736,208,D,1520.0,1559.0
1858,Parsian,20190302,1570.0,1480.0,1492.0,3687161663,2470666,257,D,1553.0,1512.0
1859,Parsian,20190303,1508.0,1452.0,1481.0,783413083,533523,118,D,1492.0,1480.0
1860,Parsian,20190304,1479.0,1450.0,1473.0,714021289,488768,98,D,1481.0,1473.0
1861,Parsian,20190305,1500.0,1450.0,1469.0,692149325,473215,88,D,1473.0,1475.0
1862,Parsian,20190306,1474.0,1425.0,1438.0,1799835069,1251623,136,D,1469.0,1425.0
1863,Parsian,20190309,1481.0,1425.0,1432.0,1288994694,901420,115,D,1438.0,1425.0
1864,Parsian,20190310,1448.0,1410.0,1426.0,1108203663,779165,122,D,1432.0,1410.0
1865,Parsian,20190311,1460.0,1391.0,1417.0,2054550084,1450181,193,D,1426.0,1401.0
1866,Parsian,20190312,1422.0,1391.0,1406.0,1429446071,1018396,167,D,1417.0,1404.0
1867,Parsian,20190313,1434.0,1398.0,1416.0,2254295574,1592173,213,D,1406.0,1429.0
1868,Parsian,20190316,1465.0,1402.0,1436.0,3257678074,2269143,241,D,1416.0,1419.0
1869,Parsian,20190317,1469.0,1432.0,1442.0,2387178623,1654971,179,D,1436.0,1465.0
1870,Parsian,20190318,1484.0,1452.0,1467.0,1407390183,955137,130,D,1442.0,1480.0
1871,Parsian,20190319,1514.0,1470.0,1499.0,3106947587,2072630,217,D,1467.0,1506.0
1872,Parsian,20190325,1490.0,1425.0,1437.0,2769875475,1927052,178,D,1499.0,1464.0
1873,Parsian,20190326,1485.0,1422.0,1444.0,4233679672,2932102,221,D,1437.0,1459.0
1874,Parsian,20190327,1460.0,1429.0,1439.0,2994717281,2080987,189,D,1444.0,1452.0
1875,Parsian,20190330,1504.0,1460.0,1491.0,4004107211,2685355,232,D,1439.0,1497.0
1876,Parsian,20190331,1545.0,1477.0,1515.0,4735276357,3125834,224,D,1491.0,1510.0
1877,Parsian,20190406,1554.0,1485.0,1515.0,3697052392,2441044,238,D,1515.0,1545.0
1878,Parsian,20190407,1563.0,1500.0,1526.0,3919425613,2567937,291,D,1515.0,1520.0
1879,Parsian,20190408,1570.0,1501.0,1536.0,4426000036,2880604,220,D,1526.0,1533.0
1880,Parsian,20190409,1612.0,1520.0,1585.0,5298531545,3343781,272,D,1536.0,1612.0
1881,Parsian,20190410,1655.0,1600.0,1628.0,6984318263,4289573,351,D,1585.0,1602.0
1882,Parsian,20190413,1649.0,1582.0,1611.0,4062765186,2521971,238,D,1628.0,1606.0
1883,Parsian,20190414,1649.0,1552.0,1608.0,2281127279,1418717,209,D,1611.0,1627.0
1884,Parsian,20190415,1663.0,1600.0,1639.0,2788139521,1701542,207,D,1608.0,1618.0
1885,Parsian,20190416,1640.0,1558.0,1592.0,3774595855,2370703,251,D,1639.0,1575.0
1886,Parsian,20190417,1591.0,1551.0,1571.0,1641042142,1046545,147,D,1592.0,1586.0
1887,Parsian,20190420,1649.0,1520.0,1613.0,5745823490,3562768,336,D,1571.0,1620.0
1888,Parsian,20190422,1669.0,1570.0,1621.0,3152034675,1944772,232,D,1613.0,1630.0
1889,Parsian,20190423,1702.0,1585.0,1692.0,20114245853,11886420,516,D,1621.0,1702.0
1890,Parsian,20190424,1746.0,1676.0,1711.0,8184654519,4783666,412,D,1692.0,1690.0
1891,Parsian,20190427,1751.0,1650.0,1712.0,7383563374,4313238,484,D,1711.0,1710.0
1892,Parsian,20190428,1748.0,1681.0,1720.0,4687119413,2725691,305,D,1712.0,1681.0
1893,Parsian,20190429,1806.0,1700.0,1795.0,10495537789,5847630,362,D,1720.0,1806.0
1894,Parsian,20190430,1880.0,1750.0,1782.0,24605350856,13804979,626,D,1795.0,1820.0
1895,Parsian,20190501,1845.0,1816.0,1828.0,7642111278,4180756,364,D,1782.0,1830.0
1896,Parsian,20190504,1919.0,1823.0,1900.0,7618063801,4010558,363,D,1828.0,1905.0
1897,Parsian,20190505,1979.0,1805.0,1866.0,10072408292,5397795,525,D,1900.0,1820.0
1898,Parsian,20190506,1880.0,1773.0,1778.0,8685238969,4883773,313,D,1866.0,1773.0
1899,Parsian,20190507,1750.0,1690.0,1692.0,9927485780,5868328,269,D,1778.0,1690.0
1900,Parsian,20190508,1735.0,1610.0,1687.0,2718014199,1611323,170,D,1692.0,1715.0
1901,Parsian,20190511,1737.0,1608.0,1673.0,6070691386,3629661,304,D,1687.0,1668.0
1902,Parsian,20190512,1666.0,1590.0,1616.0,2668007743,1651098,171,D,1673.0,1640.0
1903,Parsian,20190513,1696.0,1592.0,1644.0,2658472635,1616630,217,D,1616.0,1696.0
1904,Parsian,20190514,1726.0,1710.0,1726.0,2895327554,1677632,182,D,1644.0,1726.0
1905,Parsian,20190515,1786.0,1702.0,1725.0,1759339045,1019737,137,D,1726.0,1712.0
1906,Parsian,20190518,1776.0,1721.0,1755.0,2939521000,1674721,243,D,1725.0,1765.0
1907,Parsian,20190519,1800.0,1738.0,1754.0,1727956545,985409,184,D,1755.0,1748.0
1908,Parsian,20190520,1768.0,1691.0,1714.0,2708801113,1579985,164,D,1754.0,1733.0
1909,Parsian,20190521,1799.0,1697.0,1750.0,6061183098,3462650,327,D,1714.0,1790.0
1910,Parsian,20190522,1821.0,1774.0,1802.0,3481199602,1931867,247,D,1750.0,1811.0
1911,Parsian,20190525,1793.0,1712.0,1728.0,8837290005,5112905,453,D,1802.0,1713.0
1912,Parsian,20190526,1785.0,1711.0,1755.0,4484725400,2555474,259,D,1728.0,1773.0
1913,Parsian,20190528,1842.0,1783.0,1819.0,19049587664,10473125,607,D,1755.0,1842.0
1914,Parsian,20190529,1889.0,1789.0,1825.0,11350270634,6219331,522,D,1819.0,1857.0
1915,Parsian,20190608,1712.0,1631.0,1702.0,1368454491,804130,52,D,1542.0,1712.0
1916,Parsian,20190609,1787.0,1787.0,1787.0,2144417870,1200010,48,D,1702.0,1787.0
1917,Parsian,20190610,1876.0,1876.0,1876.0,5238005864,2792114,106,D,1787.0,1876.0
1918,Parsian,20190611,1969.0,1969.0,1969.0,55334039090,28102610,675,D,1876.0,1969.0
1919,Parsian,20190612,2067.0,2006.0,2066.0,47155397648,22829911,783,D,1969.0,2067.0
1920,Parsian,20190615,2169.0,1985.0,2154.0,53369895994,24776077,1257,D,2066.0,2169.0
1921,Parsian,20190616,2261.0,2156.0,2253.0,43558362499,19331115,742,D,2154.0,2200.0
1922,Parsian,20190617,2365.0,2168.0,2280.0,16384573711,7185755,644,D,2253.0,2340.0
1923,Parsian,20190618,2394.0,2300.0,2391.0,38043235040,15910325,646,D,2280.0,2394.0
1924,Parsian,20190619,2420.0,2272.0,2308.0,13118489186,5684915,475,D,2391.0,2310.0
1925,Parsian,20190622,2354.0,2193.0,2256.0,8925246422,3956085,336,D,2308.0,2307.0
1926,Parsian,20190623,2368.0,2250.0,2363.0,10906115693,4615894,316,D,2256.0,2368.0
1927,Parsian,20190624,2481.0,2410.0,2479.0,40886515736,16491708,563,D,2363.0,2481.0
1928,Parsian,20190625,2602.0,2510.0,2591.0,3923161923,1514306,107,D,2479.0,2601.0
1929,Parsian,20190701,2700.0,2550.0,2645.0,23320471459,8816745,517,D,2591.0,2687.0
1930,Parsian,20190702,2720.0,2513.0,2580.0,17322576648,6713410,579,D,2645.0,2550.0
1931,Parsian,20190703,2650.0,2451.0,2547.0,33364756628,13097483,662,D,2580.0,2620.0
1932,Parsian,20190706,2619.0,2450.0,2527.0,10354786683,4098248,282,D,2547.0,2500.0
1933,Parsian,20190707,2653.0,2465.0,2633.0,30767676034,11683343,487,D,2527.0,2653.0
1934,Parsian,20190708,2764.0,2661.0,2758.0,35129760164,12739607,725,D,2633.0,2764.0
1935,Parsian,20190709,2895.0,2651.0,2856.0,54073382213,18932212,975,D,2758.0,2860.0
1936,Parsian,20190710,2970.0,2816.0,2902.0,15152272164,5220570,400,D,2856.0,2890.0
1937,Parsian,20190713,2958.0,2841.0,2886.0,9845156847,3411743,283,D,2902.0,2909.0
1938,Parsian,20190714,2930.0,2771.0,2835.0,31020989683,10943155,562,D,2886.0,2780.0
1939,Parsian,20190715,2850.0,2721.0,2773.0,12832729210,4628272,323,D,2835.0,2780.0
1940,Parsian,20190716,2722.0,2635.0,2638.0,13475490406,5108618,176,D,2773.0,2635.0
1941,Parsian,20190717,2610.0,2507.0,2531.0,20193282890,7979358,445,D,2638.0,2513.0
1942,Parsian,20190720,2639.0,2457.0,2523.0,9577814045,3796451,270,D,2531.0,2475.0
1943,Parsian,20190721,2595.0,2450.0,2490.0,3392809237,1362452,171,D,2523.0,2460.0
1944,Parsian,20190722,2540.0,2366.0,2407.0,25599939025,10636877,612,D,2490.0,2430.0
1945,Parsian,20190723,2513.0,2400.0,2463.0,6121669719,2485243,320,D,2407.0,2470.0
1946,Parsian,20190724,2586.0,2435.0,2555.0,7073476830,2768752,283,D,2463.0,2568.0
1947,Parsian,20190727,2560.0,2444.0,2470.0,3655418690,1479941,267,D,2555.0,2447.0
1948,Parsian,20190728,2500.0,2402.0,2471.0,8204493708,3320879,340,D,2470.0,2450.0
1949,Parsian,20190729,2469.0,2355.0,2393.0,4257680024,1779400,277,D,2471.0,2402.0
1950,Parsian,20190730,2445.0,2390.0,2425.0,9728543851,4012287,291,D,2393.0,2410.0
1951,Parsian,20190731,2414.0,2304.0,2368.0,7016325044,2962735,330,D,2425.0,2389.0
1952,Parsian,20190803,2410.0,2360.0,2396.0,5731329316,2392537,199,D,2368.0,2388.0
1953,Parsian,20190804,2408.0,2300.0,2360.0,7046024057,2986153,340,D,2396.0,2370.0
1954,Parsian,20190805,2478.0,2390.0,2468.0,25348055229,10272548,743,D,2360.0,2478.0
1955,Parsian,20190814,2469.0,2346.0,2363.0,2363473857,1000155,161,D,2026.0,2346.0
1956,Parsian,20190817,2319.0,2245.0,2249.0,122851794218,54636065,2570,D,2363.0,2280.0
1957,Parsian,20190818,2361.0,2356.0,2361.0,32904153552,13937114,521,D,2249.0,2361.0
1958,Parsian,20190819,2468.0,2370.0,2440.0,21712164069,8897040,778,D,2361.0,2415.0
1959,Parsian,20190821,2558.0,2380.0,2494.0,17927239103,7188224,700,D,2440.0,2551.0
1960,Parsian,20190824,2618.0,2489.0,2604.0,46914708097,18014340,802,D,2494.0,2618.0
1961,Parsian,20190825,2706.0,2474.0,2531.0,16656527348,6582153,710,D,2604.0,2490.0
1962,Parsian,20190826,2600.0,2511.0,2561.0,17341629219,6770554,569,D,2531.0,2568.0
1963,Parsian,20190827,2630.0,2515.0,2577.0,18490407970,7174575,589,D,2561.0,2520.0
1964,Parsian,20190828,2587.0,2469.0,2510.0,13226051334,5270123,439,D,2577.0,2528.0
1965,Parsian,20190831,2600.0,2405.0,2502.0,16275161282,6505225,578,D,2510.0,2450.0
1966,Parsian,20190901,2570.0,2399.0,2433.0,6710879183,2757843,404,D,2502.0,2449.0
1967,Parsian,20190902,2499.0,2312.0,2387.0,5266465835,2206454,306,D,2433.0,2392.0
1968,Parsian,20190903,2506.0,2401.0,2482.0,13047024031,5255744,475,D,2387.0,2506.0
1969,Parsian,20190904,2606.0,2540.0,2604.0,9789567365,3759374,222,D,2482.0,2606.0
1970,Parsian,20190907,2734.0,2734.0,2734.0,24441230022,8939733,309,D,2604.0,2734.0
1971,Parsian,20190908,2870.0,2800.0,2865.0,102819124492,35882887,1646,D,2734.0,2870.0
1972,Parsian,20190911,2943.0,2773.0,2906.0,22528527999,7752692,651,D,2865.0,2905.0
1973,Parsian,20190914,2928.0,2822.0,2889.0,16685364197,5776018,608,D,2906.0,2830.0
1974,Parsian,20190915,3033.0,2780.0,3011.0,84892619866,28194950,1063,D,2889.0,3033.0
1975,Parsian,20190916,3161.0,3100.0,3161.0,96191102283,30431371,1014,D,3011.0,3130.0
1976,Parsian,20190917,3240.0,3033.0,3126.0,22586371815,7225413,755,D,3161.0,3065.0
1977,Parsian,20190918,3126.0,2970.0,2972.0,51871758689,17452130,678,D,3126.0,3000.0
1978,Parsian,20190921,3120.0,2847.0,3041.0,12322935758,4052214,379,D,2972.0,3000.0
1979,Parsian,20190922,3100.0,2983.0,3035.0,11297696178,3722953,382,D,3041.0,3057.0
1980,Parsian,20190923,3186.0,3120.0,3186.0,18199982622,5713023,256,D,3035.0,3186.0
1981,Parsian,20190924,3345.0,3136.0,3260.0,20522524236,6295298,456,D,3186.0,3136.0
1982,Parsian,20190925,3319.0,3187.0,3250.0,11862033537,3649685,407,D,3260.0,3272.0
1983,Parsian,20190928,3412.0,3226.0,3367.0,7802951555,2317221,314,D,3250.0,3412.0
1984,Parsian,20190929,3535.0,3230.0,3433.0,13118609600,3821246,438,D,3367.0,3230.0
1985,Parsian,20190930,3604.0,3277.0,3590.0,20850927976,5807886,407,D,3433.0,3594.0
1986,Parsian,20191001,3769.0,3500.0,3740.0,51512251562,13771634,827,D,3590.0,3632.0
1987,Parsian,20191002,3800.0,3590.0,3704.0,22475564131,6068597,480,D,3740.0,3622.0
1988,Parsian,20191005,3820.0,3519.0,3613.0,21648812391,5991585,505,D,3704.0,3519.0
1989,Parsian,20191006,3590.0,3433.0,3510.0,3302685127,959944,99,D,3613.0,3433.0
1990,Parsian,20191007,3467.0,3335.0,3344.0,23067400093,6897604,554,D,3510.0,3360.0
1991,Parsian,20191008,3390.0,3177.0,3201.0,10888847320,3401454,291,D,3344.0,3177.0
1992,Parsian,20191009,3172.0,3041.0,3062.0,7646168225,2496747,324,D,3201.0,3080.0
1993,Parsian,20191012,3215.0,3000.0,3116.0,14034166137,4503695,414,D,3062.0,3100.0
1994,Parsian,20191013,3179.0,2961.0,2978.0,16098855275,5405862,392,D,3116.0,2961.0
1995,Parsian,20191014,2995.0,2830.0,2834.0,22569744745,7963028,416,D,2978.0,2831.0
1996,Parsian,20191015,2862.0,2693.0,2723.0,14386336502,5283691,386,D,2834.0,2788.0
1997,Parsian,20191016,2841.0,2694.0,2762.0,9382420487,3397544,376,D,2723.0,2760.0
1998,Parsian,20191020,2826.0,2624.0,2657.0,28244084744,10631834,571,D,2762.0,2624.0
1999,Parsian,20191021,2789.0,2590.0,2717.0,13721676670,5050304,421,D,2657.0,2785.0
2000,Parsian,20191022,2852.0,2752.0,2839.0,27634313980,9732158,621,D,2717.0,2852.0
2001,Parsian,20191023,2940.0,2731.0,2833.0,6943330202,2450685,262,D,2839.0,2879.0
2002,Parsian,20191026,2940.0,2800.0,2889.0,3632227721,1250691,235,D,2833.0,2930.0
2003,Parsian,20191028,3033.0,2848.0,2967.0,8672377734,2923031,338,D,2889.0,3033.0
2004,Parsian,20191030,3115.0,3010.0,3110.0,12399434892,3987167,222,D,2967.0,3115.0
2005,Parsian,20191102,3202.0,3088.0,3127.0,6809717466,2177982,333,D,3110.0,3113.0
2006,Parsian,20191103,3130.0,3017.0,3063.0,36417698578,11888954,675,D,3127.0,3020.0
2007,Parsian,20191104,3106.0,2939.0,2954.0,10824076924,3664299,244,D,3063.0,2960.0
2008,Parsian,20191105,3073.0,2932.0,2977.0,4895566864,1644653,198,D,2954.0,2966.0
2009,Parsian,20191109,3049.0,2914.0,2973.0,2424450191,816385,145,D,2977.0,2989.0
2010,Parsian,20191110,3040.0,2900.0,2921.0,5174454894,1771607,172,D,2973.0,2901.0
2011,Parsian,20191111,2945.0,2874.0,2909.0,5919811444,2034955,209,D,2921.0,2921.0
2012,Parsian,20191112,2980.0,2915.0,2960.0,11323481317,3825465,354,D,2909.0,2980.0
2013,Parsian,20191113,3108.0,2980.0,3034.0,25100899494,8274458,585,D,2960.0,3108.0
2014,Parsian,20191116,3185.0,3051.0,3162.0,14169779585,4480881,336,D,3034.0,3185.0
2015,Parsian,20191117,3320.0,3184.0,3318.0,297518067418,89673441,2822,D,3162.0,3319.0
2016,Parsian,20191118,3370.0,3215.0,3314.0,64141464477,19353154,1022,D,3318.0,3277.0
2017,Parsian,20191119,3348.0,3251.0,3290.0,43902569143,13342411,881,D,3314.0,3267.0
2018,Parsian,20191120,3454.0,3240.0,3414.0,41198608751,12068732,703,D,3290.0,3454.0
2019,Parsian,20191123,3584.0,3420.0,3533.0,109494700257,30995619,1594,D,3414.0,3464.0
2020,Parsian,20191124,3547.0,3410.0,3472.0,40139386875,11560814,769,D,3533.0,3499.0
2021,Parsian,20191125,3547.0,3451.0,3498.0,35477176238,10141182,862,D,3472.0,3521.0
2022,Parsian,20191126,3672.0,3500.0,3658.0,81065052147,22162224,1234,D,3498.0,3620.0
2023,Parsian,20191127,3729.0,3606.0,3666.0,22951966486,6260929,538,D,3658.0,3639.0
2024,Parsian,20191130,3832.0,3621.0,3749.0,61588378032,16425829,967,D,3666.0,3750.0
2025,Parsian,20191201,3880.0,3749.0,3771.0,68341823870,18120873,1058,D,3749.0,3851.0
2026,Parsian,20191202,3959.0,3891.0,3956.0,80618145747,20377091,1072,D,3771.0,3959.0
2027,Parsian,20191203,4153.0,3990.0,4103.0,56850696886,13856851,717,D,3956.0,4153.0
2028,Parsian,20191204,4308.0,4221.0,4291.0,19684473865,4587087,745,D,4103.0,4308.0
2029,Parsian,20191207,4505.0,4399.0,4465.0,41851354404,9373333,664,D,4291.0,4412.0
2030,Parsian,20191208,4688.0,4470.0,4630.0,45053001543,9730071,783,D,4465.0,4688.0
2031,Parsian,20191209,4851.0,4700.0,4775.0,31436635254,6582969,550,D,4630.0,4775.0
2032,Parsian,20191210,5000.0,4537.0,4782.0,56914936296,11900978,909,D,4775.0,4600.0
2033,Parsian,20191211,4969.0,4550.0,4803.0,67338545957,14020746,863,D,4782.0,4740.0
2034,Parsian,20191214,4914.0,4683.0,4850.0,40789764445,8410969,896,D,4803.0,4906.0
2035,Parsian,20191215,4969.0,4812.0,4887.0,20569126789,4208629,400,D,4850.0,4887.0
2036,Parsian,20191216,4900.0,4817.0,4843.0,21367933680,4412032,418,D,4887.0,4890.0
2037,Parsian,20191217,4900.0,4616.0,4780.0,26759695452,5597885,539,D,4843.0,4630.0
2038,Parsian,20191218,4850.0,4541.0,4622.0,25504651145,5517649,630,D,4780.0,4700.0
2039,Parsian,20191221,4768.0,4550.0,4666.0,9446297057,2024603,343,D,4622.0,4669.0
2040,Parsian,20191222,4760.0,4590.0,4653.0,7306342912,1570365,322,D,4666.0,4590.0
2041,Parsian,20191223,4670.0,4422.0,4500.0,25754576886,5723795,442,D,4653.0,4549.0
2042,Parsian,20191224,4719.0,4426.0,4612.0,15509142251,3362421,346,D,4500.0,4616.0
2043,Parsian,20191225,4725.0,4590.0,4635.0,3254755507,697744,207,D,4612.0,4590.0
2044,Parsian,20191228,4652.0,4520.0,4609.0,10613268109,2302554,367,D,4635.0,4621.0
2045,Parsian,20191229,4749.0,4500.0,4573.0,19925880614,4356998,421,D,4609.0,4600.0
2046,Parsian,20191230,4801.0,4500.0,4673.0,22638475466,4844620,686,D,4573.0,4687.0
2047,Parsian,20191231,4837.0,4550.0,4636.0,35880698217,7739809,486,D,4673.0,4613.0
2048,Parsian,20200101,4867.0,4630.0,4854.0,32794250616,6756148,402,D,4636.0,4867.0
2049,Parsian,20200104,4867.0,4612.0,4680.0,32987222212,7048805,814,D,4854.0,4733.0
2050,Parsian,20200105,4914.0,4710.0,4904.0,61441716344,12529887,842,D,4680.0,4914.0
2051,Parsian,20200107,5149.0,4659.0,4953.0,39568966177,7989414,919,D,4904.0,4797.0
2052,Parsian,20200108,4950.0,4854.0,4857.0,26699969832,5497261,364,D,4953.0,4939.0
2053,Parsian,20200111,4954.0,4954.0,4951.0,7716989466,1557729,63,D,4857.0,4954.0
2054,Parsian,20200112,5198.0,5198.0,5198.0,9371209102,1802849,88,D,4951.0,5198.0
2055,Parsian,20200113,5457.0,5457.0,5457.0,27418205370,5024410,155,D,5198.0,5457.0
2056,Parsian,20200114,5729.0,5650.0,5728.0,32281500741,5635612,410,D,5457.0,5729.0
2057,Parsian,20200115,6014.0,5900.0,6010.0,99388313325,16537185,945,D,5728.0,6014.0
2058,Parsian,20200118,6310.0,6110.0,6296.0,83179760308,13210550,1101,D,6010.0,6270.0
2059,Parsian,20200119,6310.0,5983.0,6152.0,35291150665,5736623,860,D,6296.0,6100.0
2060,Parsian,20200120,6297.0,5900.0,6118.0,24303449210,3972129,611,D,6152.0,6134.0
2061,Parsian,20200121,6120.0,5813.0,5959.0,35338421208,5930284,851,D,6118.0,5880.0
2062,Parsian,20200122,6256.0,5888.0,6202.0,21430598848,3455621,385,D,5959.0,6256.0
2063,Parsian,20200125,6512.0,6300.0,6498.0,40202080104,6186753,342,D,6202.0,6512.0
2064,Parsian,20200126,6822.0,6700.0,6819.0,70538512636,10344902,865,D,6498.0,6822.0
2065,Parsian,20200127,7159.0,7000.0,7141.0,43224091185,6052632,686,D,6819.0,7159.0
2066,Parsian,20200128,7498.0,7498.0,7488.0,11648952784,1553608,94,D,7141.0,7498.0
2067,Parsian,20200203,8255.0,7500.0,7951.0,67217063505,8454075,1250,D,7488.0,7800.0
2068,Parsian,20200204,7800.0,7554.0,7585.0,35314994509,4655622,724,D,7951.0,7554.0
2069,Parsian,20200205,7964.0,7209.0,7874.0,138533727408,17593659,1901,D,7585.0,7963.0
2070,Parsian,20200208,8267.0,7550.0,8008.0,76796526382,9589709,1789,D,7874.0,7955.0
2071,Parsian,20200209,8267.0,7610.0,7964.0,31990785458,4016823,905,D,8008.0,7700.0
2072,Parsian,20200210,7920.0,7566.0,7628.0,50076273867,6565207,627,D,7964.0,7720.0
2073,Parsian,20200212,8009.0,7628.0,7969.0,37416075844,4695437,580,D,7628.0,8003.0
2074,Parsian,20200215,8198.0,7600.0,7795.0,25083245888,3217739,452,D,7969.0,7721.0
2075,Parsian,20200216,7936.0,7561.0,7819.0,44971686814,5751245,715,D,7795.0,7700.0
2076,Parsian,20200217,7800.0,7429.0,7485.0,41191698972,5503170,710,D,7819.0,7500.0
2077,Parsian,20200218,7439.0,7111.0,7240.0,27737448764,3831076,617,D,7485.0,7300.0
2078,Parsian,20200219,7312.0,7151.0,7245.0,40273490309,5558760,558,D,7240.0,7245.0
2079,Parsian,20200222,7151.0,6886.0,7025.0,36956316897,5260751,758,D,7245.0,7001.0
2080,Parsian,20200223,7376.0,7151.0,7350.0,30980675503,4215001,387,D,7025.0,7376.0
2081,Parsian,20200224,7601.0,7376.0,7496.0,22868024049,3050569,688,D,7350.0,7565.0
2082,Parsian,20200225,7870.0,7300.0,7771.0,70458573378,9066366,766,D,7496.0,7870.0
2083,Parsian,20200226,8004.0,7516.0,7679.0,21322705039,2776598,581,D,7771.0,7530.0
2084,Parsian,20200229,7599.0,7296.0,7319.0,46400693873,6339679,573,D,7679.0,7350.0
2085,Parsian,20200301,7684.0,7101.0,7668.0,34756492951,4532563,342,D,7319.0,7684.0
2086,Parsian,20200302,8051.0,7701.0,7852.0,33898433762,4264885,584,D,7668.0,8051.0
2087,Parsian,20200303,8240.0,7928.0,7922.0,20468214929,2548943,558,D,7852.0,7950.0
2088,Parsian,20200304,8093.0,7743.0,7915.0,16906835238,2139693,572,D,7922.0,8000.0
2089,Parsian,20200307,8000.0,7657.0,7901.0,8171368866,1043703,379,D,7915.0,7674.0
2090,Parsian,20200309,8020.0,7506.0,7826.0,10209286358,1352325,222,D,7901.0,7506.0
2091,Parsian,20200310,7768.0,7435.0,7743.0,11360581996,1518637,348,D,7826.0,7435.0
2092,Parsian,20200311,7700.0,7356.0,7675.0,11712763465,1567963,458,D,7743.0,7377.0
2093,Parsian,20200314,7600.0,7292.0,7630.0,5938666798,812262,113,D,7675.0,7292.0
2094,Parsian,20200315,7249.0,7249.0,7590.0,4970639300,685700,78,D,7630.0,7249.0
2095,Parsian,20200316,7560.0,7211.0,7481.0,15965104729,2197309,586,D,7590.0,7211.0
2096,Parsian,20200317,7107.0,7107.0,7420.0,7542495639,1061277,189,D,7481.0,7107.0
2097,Parsian,20200318,7390.0,7049.0,7222.0,26367871359,3727062,875,D,7420.0,7051.0
2098,Parsian,20200324,7250.0,6861.0,7103.0,19941950417,2875696,564,D,7222.0,7004.0
2099,Parsian,20200325,7437.0,6925.0,7181.0,22027651908,3025567,737,D,7103.0,7250.0
2100,Parsian,20200328,7540.0,7151.0,7368.0,46273531572,6262407,1506,D,7181.0,7519.0
2101,Parsian,20200329,7736.0,7300.0,7529.0,29281874920,3821591,951,D,7368.0,7360.0
2102,Parsian,20200330,7570.0,7268.0,7501.0,18115670252,2431766,656,D,7529.0,7517.0
2103,Parsian,20200404,7876.0,7810.0,7869.0,54778838394,6961536,1088,D,7501.0,7876.0
2104,Parsian,20200405,8262.0,8000.0,8253.0,117646118882,14255675,2020,D,7869.0,8262.0
2105,Parsian,20200406,8665.0,8665.0,8665.0,67002511090,7732546,507,D,8253.0,8665.0
2106,Parsian,20200407,9098.0,8663.0,9033.0,129428581727,14328861,2304,D,8665.0,8700.0
2107,Parsian,20200408,9091.0,8700.0,8992.0,78850173468,8768864,1862,D,9033.0,8897.0
2108,Parsian,20200411,9051.0,8600.0,8871.0,29515634948,3357141,1051,D,8992.0,8640.0
2109,Parsian,20200412,8960.0,8428.0,8622.0,182314571027,21144187,3384,D,8871.0,8801.0
2110,Parsian,20200413,8900.0,8191.0,8554.0,52563148453,6144899,1233,D,8622.0,8594.0
2111,Parsian,20200414,8800.0,8220.0,8579.0,54544325534,6358118,1409,D,8554.0,8430.0
2112,Parsian,20200415,8860.0,8400.0,8593.0,70832942028,8243298,1633,D,8579.0,8600.0
2113,Parsian,20200418,9022.0,8610.0,8912.0,144833456806,16252403,2301,D,8593.0,9022.0
2114,Parsian,20200419,9296.0,8500.0,8978.0,72506724219,8075945,1601,D,8912.0,8564.0
2115,Parsian,20200420,9187.0,8798.0,9032.0,77537129488,8584377,1366,D,8978.0,8833.0
2116,Parsian,20200421,9483.0,9000.0,9256.0,68552183706,7406470,841,D,9032.0,9483.0
2117,Parsian,20200422,9718.0,9718.0,9540.0,34775775538,3578491,223,D,9256.0,9718.0
2118,Parsian,20200425,10017.0,10017.0,9978.0,48220816266,4813898,252,D,9540.0,10017.0
2119,Parsian,20200426,10476.0,10476.0,10476.0,213252661656,20356306,1155,D,9978.0,10476.0
2120,Parsian,20200427,10999.0,10502.0,10997.0,151633383099,13788098,830,D,10476.0,10999.0
2121,Parsian,20200428,11546.0,11546.0,11535.0,59268758512,5133272,255,D,10997.0,11546.0
2122,Parsian,20200429,12111.0,12111.0,12019.0,53321802138,4402758,291,D,11535.0,12111.0
2123,Parsian,20200502,12619.0,12619.0,12619.0,52597922707,4168153,223,D,12019.0,12619.0
2124,Parsian,20200503,13249.0,13249.0,13101.0,42188830447,3184303,139,D,12619.0,13249.0
2125,Parsian,20200506,14443.0,13689.0,14028.0,542402197843,38664639,3189,D,13101.0,13828.0
2126,Parsian,20200509,14729.0,13828.0,14601.0,385718411778,26416383,3075,D,14028.0,14300.0
2127,Parsian,20200510,15331.0,14455.0,15192.0,403250937949,26543936,1705,D,14601.0,15331.0
2128,Parsian,20200511,15900.0,14433.0,14794.0,362365277506,24493937,2940,D,15192.0,14433.0
2129,Parsian,20200512,14055.0,14055.0,14055.0,50938875915,3624253,300,D,14794.0,14055.0
2130,Parsian,20200513,14400.0,13353.0,13481.0,218525361228,16209983,1987,D,14055.0,13353.0
2131,Parsian,20200516,12999.0,12807.0,12807.0,56500732465,4411611,411,D,13481.0,12807.0
2132,Parsian,20200517,12530.0,12167.0,12170.0,114074939960,9373464,898,D,12807.0,12167.0
2133,Parsian,20200518,12778.0,11810.0,12716.0,154362530512,12139323,1268,D,12170.0,12778.0
2134,Parsian,20200519,13351.0,12720.0,13275.0,198005667135,14915766,1506,D,12716.0,13351.0
2135,Parsian,20200520,13515.0,12612.0,12717.0,123185914645,9686502,1164,D,13275.0,12612.0
2136,Parsian,20200523,12351.0,12082.0,12125.0,46450377658,3835508,648,D,12717.0,12082.0
2137,Parsian,20200526,12200.0,11519.0,11883.0,26329286358,2250054,446,D,12125.0,11519.0
2138,Parsian,20200527,12400.0,11289.0,11627.0,73836620343,6350244,1066,D,11883.0,12130.0
2139,Parsian,20200530,12208.0,12000.0,12195.0,71161084699,5835114,390,D,11627.0,12208.0
2140,Parsian,20200531,12804.0,12208.0,12797.0,186684251387,14588194,975,D,12195.0,12804.0
2141,Parsian,20200601,13436.0,12900.0,13400.0,96009632449,7164765,825,D,12797.0,13436.0
2142,Parsian,20200602,14070.0,13100.0,14026.0,108462433841,7733028,1233,D,13400.0,14070.0
2143,Parsian,20200606,14727.0,14300.0,14712.0,57086943987,3880226,746,D,14026.0,14727.0
2144,Parsian,20200607,15447.0,14899.0,15446.0,151457060037,9805791,603,D,14712.0,15447.0
2145,Parsian,20200608,16218.0,14674.0,15140.0,143391341461,9471107,1472,D,15446.0,14723.0
2146,Parsian,20200609,15498.0,14383.0,14742.0,125124835799,8487705,1555,D,15140.0,14599.0
2147,Parsian,20200610,15479.0,14521.0,15324.0,158764881333,10360827,1107,D,14742.0,15479.0
2148,Parsian,20200613,16090.0,15900.0,16080.0,122239679950,7601874,805,D,15324.0,16090.0
2149,Parsian,20200614,16880.0,16000.0,16520.0,146060629770,8839516,1428,D,16080.0,16880.0
2150,Parsian,20200615,17340.0,16600.0,17170.0,141775476530,8255013,1674,D,16520.0,16950.0
2151,Parsian,20200621,18000.0,17100.0,17140.0,21620532280,1240164,223,D,16920.0,17300.0
2152,Parsian,20200622,17470.0,16290.0,16630.0,162228824640,9755807,2301,D,17140.0,16290.0
2153,Parsian,20200623,17460.0,15800.0,16900.0,201213985760,11904968,2350,D,16630.0,16000.0
2154,Parsian,20200624,16460.0,16060.0,16070.0,186557940330,11611476,1228,D,16900.0,16080.0
2155,Parsian,20200627,16500.0,15270.0,15470.0,295526884910,19107303,2043,D,16070.0,15570.0
2156,Parsian,20200628,16240.0,14700.0,15750.0,167508350490,10633139,1879,D,15470.0,15200.0
2157,Parsian,20200629,15430.0,14970.0,15000.0,136311093140,9089882,1580,D,15750.0,14970.0
2158,Parsian,20200630,15750.0,15200.0,15720.0,172923913490,10998274,983,D,15000.0,15750.0
2159,Parsian,20200701,16500.0,15700.0,16480.0,243821889970,14791012,1931,D,15720.0,16490.0
2160,Parsian,20200704,16600.0,15660.0,16020.0,46152211000,2885597,891,D,16480.0,15660.0
2161,Parsian,20200705,16020.0,15220.0,15520.0,199774056240,12871604,2618,D,16020.0,16000.0
2162,Parsian,20200706,16290.0,15560.0,16250.0,230402188170,14176140,1473,D,15520.0,16290.0
2163,Parsian,20200707,16700.0,15440.0,15760.0,195861637700,12430906,2278,D,16250.0,15580.0
2164,Parsian,20200708,15760.0,14980.0,15080.0,113069782630,7496932,1310,D,15760.0,14980.0
2165,Parsian,20200711,15830.0,14330.0,15190.0,169151973000,11134142,1481,D,15080.0,15830.0
2166,Parsian,20200712,15940.0,15940.0,15880.0,48801027300,3061545,305,D,15190.0,15940.0
2167,Parsian,20200713,16670.0,16000.0,16580.0,91264840430,5503053,1157,D,15880.0,16670.0
2168,Parsian,20200714,17400.0,17400.0,17400.0,58591663800,3367337,387,D,16580.0,17400.0
2169,Parsian,20200715,18270.0,18270.0,18130.0,50562115380,2767494,309,D,17400.0,18270.0
2170,Parsian,20200718,19030.0,19030.0,19030.0,54400014350,2858645,341,D,18130.0,19030.0
2171,Parsian,20200719,19980.0,19980.0,19980.0,59359640940,2970953,278,D,19030.0,19980.0
2172,Parsian,20200720,20970.0,20970.0,20970.0,59970467340,2859822,295,D,19980.0,20970.0
2173,Parsian,20200721,22010.0,19950.0,21850.0,835012652640,38214653,5054,D,20970.0,20800.0
2174,Parsian,20200722,22700.0,20760.0,21450.0,156989681090,7317589,1182,D,21850.0,20760.0
2175,Parsian,20200725,22400.0,20380.0,20740.0,709760783830,34227102,3852,D,21450.0,20380.0
2176,Parsian,20200726,20140.0,19710.0,19770.0,143294677740,7248526,866,D,20740.0,19710.0
2177,Parsian,20200727,18890.0,18790.0,18790.0,212233933630,11294646,1383,D,19770.0,18790.0
2178,Parsian,20200728,19720.0,18010.0,19010.0,132653715610,6978194,1652,D,18790.0,18110.0
2179,Parsian,20200729,19580.0,18060.0,18180.0,174118876760,9576724,1334,D,19010.0,18210.0
2180,Parsian,20200801,18730.0,17850.0,18240.0,72385473540,3969286,1311,D,18180.0,17910.0
2181,Parsian,20200802,19150.0,18070.0,18630.0,179826547390,9654870,1900,D,18240.0,19150.0
2182,Parsian,20200803,19560.0,19200.0,19500.0,59658453910,3059569,888,D,18630.0,19560.0
2183,Parsian,20200804,20470.0,18540.0,20170.0,154976639390,7682464,2087,D,19500.0,20200.0
2184,Parsian,20200805,21170.0,20450.0,21080.0,142660760360,6767534,1152,D,20170.0,21170.0
2185,Parsian,20200809,22130.0,21600.0,22130.0,176569604440,7980199,964,D,21080.0,22130.0
2186,Parsian,20200810,23040.0,21030.0,21470.0,119111081460,5547397,1148,D,22130.0,21030.0
2187,Parsian,20200811,20870.0,20400.0,20420.0,96909881710,4746990,824,D,21470.0,20580.0
2188,Parsian,20200812,21440.0,19400.0,20640.0,120787212120,5852009,943,D,20420.0,19400.0
2189,Parsian,20200815,20000.0,19610.0,20170.0,21787904890,1110612,272,D,20640.0,19610.0
2190,Parsian,20200816,19170.0,19170.0,19250.0,42833658870,2234411,158,D,20170.0,19170.0
2191,Parsian,20200817,19980.0,18290.0,18500.0,101870750260,5505346,848,D,19250.0,18420.0
2192,Parsian,20200818,19420.0,17590.0,18350.0,88854786650,4842998,1088,D,18500.0,17710.0
2193,Parsian,20200819,18150.0,17440.0,17440.0,42960823450,2463037,323,D,18350.0,17440.0
2194,Parsian,20200822,18290.0,16570.0,16760.0,95735247530,5711968,978,D,17440.0,16570.0
2195,Parsian,20200823,16500.0,15930.0,16270.0,28587284860,1789551,236,D,16760.0,15930.0
2196,Parsian,20200824,15500.0,15460.0,15730.0,29600605580,1914650,155,D,16270.0,15460.0
2197,Parsian,20200825,16510.0,15210.0,16290.0,57231415840,3512877,618,D,15730.0,16510.0
2198,Parsian,20200826,17100.0,16500.0,17070.0,74224538710,4349410,508,D,16290.0,17100.0
2199,Parsian,20200831,17910.0,16220.0,16390.0,64446854840,3931100,610,D,17070.0,16220.0
2200,Parsian,20200901,16100.0,15580.0,16040.0,19669919630,1262288,195,D,16390.0,15580.0
2201,Parsian,20200902,15240.0,15240.0,15830.0,11592412680,760657,55,D,16040.0,15240.0
2202,Parsian,20200905,15700.0,15040.0,15070.0,106564480510,7071843,802,D,15830.0,15250.0
2203,Parsian,20200906,15820.0,14340.0,15200.0,61954127410,4076078,805,D,15070.0,14700.0
2204,Parsian,20200907,15160.0,14440.0,14530.0,40430561720,2799899,188,D,15200.0,14440.0
2205,Parsian,20200908,13810.0,13810.0,14390.0,8256336120,597852,103,D,14530.0,13810.0
2206,Parsian,20200909,14270.0,13680.0,13700.0,98645387810,7199136,600,D,14390.0,13800.0
2207,Parsian,20200912,14380.0,13310.0,13730.0,25831621990,1877259,681,D,13700.0,13670.0
2208,Parsian,20200913,14060.0,13050.0,13070.0,75349835910,5765114,355,D,13730.0,13050.0
2209,Parsian,20200914,13720.0,12420.0,13370.0,75835630190,5670414,747,D,13070.0,13720.0
2210,Parsian,20200921,11430.0,10360.0,10630.0,23793112940,2274695,533,D,10900.0,10600.0
2211,Parsian,20200922,10580.0,10100.0,10250.0,29451316530,2904341,403,D,10630.0,10540.0
2212,Parsian,20200923,10760.0,10310.0,10760.0,40128006560,3729515,312,D,10250.0,10760.0
2213,Parsian,20200926,11290.0,11290.0,10890.0,12446220190,1102411,159,D,10760.0,11290.0
2214,Parsian,20200927,11430.0,11000.0,11360.0,50729363390,4457742,595,D,10890.0,11430.0
2215,Parsian,20200928,11560.0,10800.0,11020.0,37760245790,3464802,460,D,11360.0,10800.0
2216,Parsian,20200929,11570.0,10470.0,11170.0,53368818260,4778751,745,D,11020.0,11560.0
2217,Parsian,20200930,11720.0,11170.0,11600.0,53225667930,4586890,528,D,11170.0,11720.0
2218,Parsian,20201003,12180.0,11580.0,11990.0,37198690960,3062360,363,D,11600.0,12180.0
2219,Parsian,20201004,12580.0,12580.0,12240.0,22957078460,1824887,116,D,11990.0,12580.0
2220,Parsian,20201005,12850.0,12850.0,12460.0,19884385550,1547423,105,D,12240.0,12850.0
2221,Parsian,20201006,13080.0,13080.0,13080.0,56511865320,4320479,141,D,12460.0,13080.0
2222,Parsian,20201007,13730.0,13730.0,13730.0,59189824050,4310985,147,D,13080.0,13730.0
2223,Parsian,20201010,14410.0,14010.0,14400.0,180218750550,12511495,1047,D,13730.0,14410.0
2224,Parsian,20201011,15000.0,13680.0,14170.0,154516248870,10901348,1867,D,14400.0,13700.0
2225,Parsian,20201012,14300.0,13470.0,13730.0,66047168960,4810877,546,D,14170.0,13470.0
2226,Parsian,20201013,14000.0,13050.0,13570.0,27596275010,2053488,429,D,13730.0,13730.0
2227,Parsian,20201014,14240.0,13730.0,14230.0,149499035820,10503553,737,D,13570.0,14240.0
2228,Parsian,20201018,14420.0,13520.0,13850.0,40156245260,2914703,367,D,14230.0,13520.0
2229,Parsian,20201019,13160.0,13160.0,13640.0,14118745480,1072853,53,D,13850.0,13160.0
2230,Parsian,20201020,12960.0,12960.0,13410.0,15224163840,1174704,154,D,13640.0,12960.0
2231,Parsian,20201021,14040.0,12740.0,12980.0,42606715080,3290203,329,D,13410.0,12740.0
2232,Parsian,20201024,12420.0,12340.0,12660.0,23777416120,1926333,440,D,12980.0,12340.0
2233,Parsian,20201026,12030.0,12030.0,12350.0,22564995810,1875727,139,D,12660.0,12030.0
2234,Parsian,20201027,12000.0,11740.0,11940.0,30157345100,2568614,171,D,12350.0,11740.0
2235,Parsian,20201028,11900.0,11350.0,11400.0,42939781970,3770690,414,D,11940.0,11360.0
2236,Parsian,20201031,11970.0,11370.0,11830.0,40599865920,3396742,374,D,11400.0,11970.0
2237,Parsian,20201101,12010.0,11240.0,11620.0,20953540230,1850036,164,D,11830.0,11240.0
2238,Parsian,20201102,11560.0,11040.0,11460.0,15228786460,1369754,194,D,11620.0,11090.0
2239,Parsian,20201104,11990.0,11000.0,11440.0,20691762860,1814462,348,D,11460.0,11500.0
2240,Parsian,20201107,10920.0,10870.0,11220.0,18465311720,1698525,105,D,11440.0,10870.0
2241,Parsian,20201108,10660.0,10660.0,11030.0,15583736740,1461889,51,D,11220.0,10660.0
2242,Parsian,20201109,10660.0,10480.0,10730.0,25316168560,2415622,132,D,11030.0,10480.0
2243,Parsian,20201110,10470.0,10200.0,10670.0,5440516540,532692,110,D,10730.0,10200.0
2244,Parsian,20201111,11100.0,10140.0,10530.0,38124681060,3630142,385,D,10670.0,10900.0
2245,Parsian,20201114,11050.0,10750.0,10860.0,33325005000,3016280,268,D,10530.0,11050.0
2246,Parsian,20201115,11400.0,11010.0,11290.0,74834734650,6630635,651,D,10860.0,11080.0
2247,Parsian,20201116,11730.0,10730.0,11300.0,35394278740,3130551,381,D,11290.0,11350.0
2248,Parsian,20201117,11850.0,11000.0,11380.0,18369277280,1590674,354,D,11300.0,11510.0
2249,Parsian,20201118,11940.0,11510.0,11590.0,25365892370,2140832,477,D,11380.0,11920.0
2250,Parsian,20201121,12030.0,11140.0,11590.0,39366969010,3396310,650,D,11590.0,11520.0
2251,Parsian,20201122,12160.0,11050.0,11870.0,36968984870,3085969,295,D,11590.0,12160.0
2252,Parsian,20201123,12460.0,12460.0,12460.0,53991933660,4333221,199,D,11870.0,12460.0
2253,Parsian,20201124,13080.0,12460.0,13080.0,241847972960,18495287,1222,D,12460.0,13080.0
2254,Parsian,20201125,13730.0,12920.0,13660.0,146961190960,10760255,1165,D,13080.0,13730.0
2255,Parsian,20201128,14340.0,13330.0,13930.0,63865993380,4584967,930,D,13660.0,13670.0
2256,Parsian,20201129,14620.0,13270.0,13930.0,87576890650,6286308,1098,D,13930.0,13920.0
2257,Parsian,20201130,14620.0,13810.0,14530.0,181570069860,12500444,3540,D,13930.0,14620.0
2258,Parsian,20201201,15250.0,14600.0,15210.0,204394992780,13434066,2558,D,14530.0,15250.0
2259,Parsian,20201202,15800.0,14450.0,15350.0,93902097450,6116472,1499,D,15210.0,15290.0
2260,Parsian,20201205,16100.0,14690.0,15510.0,66250840730,4270906,845,D,15350.0,15390.0
2261,Parsian,20201206,15900.0,14740.0,15100.0,82274632470,5449948,1483,D,15510.0,15060.0
2262,Parsian,20201207,15550.0,14350.0,14970.0,55851994100,3731018,1210,D,15100.0,14400.0
2263,Parsian,20201208,15400.0,14400.0,14880.0,50087967210,3365089,1141,D,14970.0,14900.0
2264,Parsian,20201209,15620.0,14710.0,15600.0,116228421150,7452253,1046,D,14880.0,15620.0
2265,Parsian,20201212,16380.0,16380.0,16380.0,89887051800,5487610,276,D,15600.0,16380.0
2266,Parsian,20201213,17190.0,16670.0,17160.0,758763030520,44211035,4193,D,16380.0,17190.0
2267,Parsian,20201214,17700.0,16310.0,16780.0,223114819690,13300197,2010,D,17160.0,16310.0
2268,Parsian,20201215,15950.0,15950.0,15950.0,82192008800,5153104,114,D,16780.0,15950.0
2269,Parsian,20201216,15160.0,15160.0,15540.0,25166827960,1660081,146,D,15950.0,15160.0
2270,Parsian,20201219,15160.0,14770.0,14800.0,165950227360,11216123,1420,D,15540.0,14770.0
2271,Parsian,20201220,14960.0,14060.0,14350.0,211147560430,14711543,2787,D,14800.0,14530.0
2272,Parsian,20201221,15060.0,14400.0,14970.0,216941079440,14487810,1862,D,14350.0,15060.0
2273,Parsian,20201222,15500.0,14510.0,15000.0,121419017060,8094378,2019,D,14970.0,14750.0
2274,Parsian,20201223,15230.0,14700.0,14960.0,89103467360,5956208,1318,D,15000.0,15070.0
2275,Parsian,20201226,15110.0,14220.0,14340.0,115484008130,8055483,1525,D,14960.0,14220.0
2276,Parsian,20201227,14100.0,13630.0,13750.0,137816544270,10022861,1665,D,14340.0,13630.0
2277,Parsian,20201228,13680.0,13090.0,13360.0,77318694480,5787216,1043,D,13750.0,13120.0
2278,Parsian,20201229,13600.0,12750.0,13030.0,113297469660,8697206,1449,D,13360.0,13600.0
2279,Parsian,20201230,13680.0,13300.0,13620.0,157608416500,11573670,1850,D,13030.0,13680.0
2280,Parsian,20210102,14020.0,12950.0,13340.0,61627919510,4620090,1005,D,13620.0,12950.0
2281,Parsian,20210103,13800.0,12940.0,13290.0,50694879850,3814776,931,D,13340.0,13200.0
2282,Parsian,20210104,13650.0,13050.0,13390.0,63691832710,4757023,859,D,13290.0,13350.0
2283,Parsian,20210105,13570.0,12910.0,13160.0,62648610120,4762310,834,D,13390.0,13070.0
2284,Parsian,20210106,13390.0,12520.0,12970.0,87542872130,6750024,925,D,13160.0,13060.0
2285,Parsian,20210109,13400.0,12430.0,12770.0,53921349670,4223293,792,D,12970.0,12900.0
2286,Parsian,20210110,13300.0,12670.0,12820.0,57991752220,4522143,673,D,12770.0,12740.0
2287,Parsian,20210111,13120.0,12210.0,12600.0,45033139260,3580340,712,D,12820.0,12310.0
2288,Parsian,20210112,12290.0,11970.0,12240.0,27233881270,2270476,279,D,12600.0,11970.0
2289,Parsian,20210113,11630.0,11630.0,12010.0,17185499810,1477687,121,D,12240.0,11630.0
2290,Parsian,20210116,11410.0,11410.0,11930.0,6695273900,586790,40,D,12010.0,11410.0
2291,Parsian,20210118,11340.0,11340.0,11650.0,22583904840,1991526,56,D,11930.0,11340.0
2292,Parsian,20210119,12230.0,11070.0,11130.0,155868731310,13998283,1080,D,11650.0,11070.0
2293,Parsian,20210120,11290.0,10650.0,11040.0,44128555800,3998949,678,D,11130.0,10790.0
2294,Parsian,20210123,11590.0,11000.0,11320.0,40134693570,3521489,897,D,11040.0,11590.0
2295,Parsian,20210124,11880.0,10760.0,11160.0,36008506280,3244672,664,D,11320.0,11050.0
2296,Parsian,20210125,11710.0,10610.0,11620.0,58394628960,5026196,537,D,11160.0,11710.0
2297,Parsian,20210126,12200.0,11210.0,11860.0,54340701980,4580130,934,D,11620.0,11590.0
2298,Parsian,20210127,11990.0,11270.0,11730.0,27180995900,2341787,533,D,11860.0,11720.0
2299,Parsian,20210130,12250.0,11720.0,11820.0,33872994010,2853950,569,D,11730.0,11890.0
2300,Parsian,20210131,12270.0,11230.0,11650.0,25193688710,2193903,384,D,11820.0,11280.0
2301,Parsian,20210201,11400.0,11070.0,11150.0,44682707710,4019272,425,D,11650.0,11070.0
2302,Parsian,20210202,11130.0,10600.0,11040.0,13508515550,1254958,320,D,11150.0,10790.0
2303,Parsian,20210203,11200.0,10490.0,10800.0,22822594060,2161153,421,D,11040.0,10490.0
2304,Parsian,20210206,10300.0,10260.0,10710.0,8102301650,789391,179,D,10800.0,10260.0
2305,Parsian,20210207,11240.0,10180.0,10800.0,22469167610,2057938,419,D,10710.0,10800.0
2306,Parsian,20210208,10800.0,10260.0,10530.0,30328216220,2922907,593,D,10800.0,10470.0
2307,Parsian,20210209,10540.0,10020.0,10390.0,26723963600,2601205,701,D,10530.0,10120.0
2308,Parsian,20210213,11010.0,10200.0,10700.0,80649798320,7534625,1095,D,10390.0,11010.0
2309,Parsian,20210214,11340.0,10910.0,11190.0,51936125270,4634323,924,D,10700.0,11250.0
2310,Parsian,20210215,11700.0,10970.0,11160.0,27980147470,2515104,512,D,11190.0,11400.0
2311,Parsian,20210216,11700.0,10940.0,11160.0,36034653260,3227692,671,D,11160.0,11390.0
2312,Parsian,20210217,11820.0,11820.0,11820.0,57309021780,4848479,254,D,11160.0,11820.0
2313,Parsian,20210220,12520.0,11920.0,12470.0,367176898160,29450394,3181,D,11820.0,12180.0
2314,Parsian,20210221,12230.0,12230.0,12380.0,19447473350,1590145,99,D,12470.0,12230.0
2315,Parsian,20210222,13120.0,12250.0,12880.0,665032835090,51617232,5277,D,12380.0,12260.0
2316,Parsian,20210223,12630.0,12630.0,12770.0,22970420970,1818719,88,D,12880.0,12630.0
2317,Parsian,20210224,12520.0,12520.0,12660.0,22796265760,1820788,99,D,12770.0,12520.0
2318,Parsian,20210227,12410.0,12410.0,12660.0,99006980,7978,9,D,12660.0,12410.0
2319,Parsian,20210228,12410.0,12410.0,12500.0,31108246280,2506708,71,D,12660.0,12410.0
2320,Parsian,20210301,12250.0,12250.0,12330.0,32853397500,2681910,70,D,12500.0,12250.0
2321,Parsian,20210302,12090.0,12090.0,12090.0,47755451640,3949996,132,D,12330.0,12090.0
2322,Parsian,20210303,12080.0,11850.0,11860.0,131720841530,11108588,996,D,12090.0,11850.0
2323,Parsian,20210306,11630.0,11630.0,11750.0,23636404950,2032365,70,D,11860.0,11630.0
2324,Parsian,20210307,11520.0,11520.0,11580.0,34929527040,3032077,116,D,11750.0,11520.0
2325,Parsian,20210308,12000.0,11350.0,11400.0,159654384510,14006445,1236,D,11580.0,11350.0
2326,Parsian,20210309,11180.0,11180.0,11190.0,45979963640,4112698,213,D,11400.0,11180.0
2327,Parsian,20210310,10970.0,10970.0,10970.0,51673636500,4710450,152,D,11190.0,10970.0
2328,Parsian,20210313,11500.0,10760.0,10920.0,183312845860,16780538,2393,D,10970.0,11120.0
2329,Parsian,20210314,11330.0,10710.0,10990.0,106527437240,9696953,1266,D,10920.0,10710.0
2330,Parsian,20210315,10990.0,10780.0,10870.0,37549776380,3466986,659,D,10990.0,10780.0
2331,Parsian,20210316,11100.0,10690.0,10900.0,24386230130,2231203,523,D,10870.0,10850.0
2332,Parsian,20210317,11130.0,10800.0,10900.0,16834237940,1544748,375,D,10900.0,10830.0
2333,Parsian,20210327,11380.0,10790.0,11000.0,18294193970,1634869,489,D,10900.0,11200.0
2334,Parsian,20210328,11420.0,10800.0,11020.0,14425428200,1302855,358,D,11000.0,10900.0
2335,Parsian,20210330,11230.0,10800.0,10980.0,17223358750,1577889,348,D,11020.0,10850.0
2336,Parsian,20210331,11030.0,10770.0,10890.0,22397396800,2075567,294,D,10980.0,10780.0
2337,Parsian,20210403,10890.0,10680.0,10810.0,20348736490,1903193,146,D,10890.0,10680.0
2338,Parsian,20210404,10610.0,10600.0,10740.0,17034527750,1607030,101,D,10810.0,10600.0
2339,Parsian,20210405,10660.0,10530.0,10640.0,23130568710,2194691,290,D,10740.0,10530.0
2340,Parsian,20210406,11190.0,10430.0,10670.0,255149673750,23902673,1711,D,10640.0,10970.0
2341,Parsian,20210407,10960.0,10610.0,10760.0,70971689860,6594493,1415,D,10670.0,10680.0
2342,Parsian,20210410,10850.0,10550.0,10600.0,38904744480,3685082,287,D,10760.0,10550.0
2343,Parsian,20210411,10550.0,10390.0,10550.0,11193260480,1077108,259,D,10600.0,10390.0
2344,Parsian,20210412,10500.0,10340.0,10470.0,19008506390,1837157,312,D,10550.0,10370.0
2345,Parsian,20210413,10660.0,10270.0,10420.0,20981386310,2024925,504,D,10470.0,10400.0
2346,Parsian,20210414,10610.0,10220.0,10370.0,18113038820,1759338,319,D,10420.0,10220.0
2347,Parsian,20210417,10370.0,10170.0,10350.0,5663237470,556842,73,D,10370.0,10170.0
2348,Parsian,20210418,10150.0,10150.0,10340.0,1231235600,121304,15,D,10350.0,10150.0
2349,Parsian,20210419,10140.0,10140.0,10340.0,146401320,14438,13,D,10340.0,10140.0
2350,Parsian,20210420,10340.0,10140.0,10200.0,40704380400,4002705,389,D,10340.0,10180.0
2351,Parsian,20210421,10190.0,9900.0,10150.0,7619833690,769295,158,D,10200.0,9900.0
2352,Parsian,20210424,9850.0,9850.0,10130.0,2968691500,301390,25,D,10150.0,9850.0
2353,Parsian,20210425,9830.0,9830.0,10130.0,498607090,50723,8,D,10130.0,9830.0
2354,Parsian,20210426,9830.0,9830.0,10060.0,11721783500,1192450,58,D,10130.0,9830.0
2355,Parsian,20210427,9980.0,9760.0,9920.0,22972366530,2350726,328,D,10060.0,9760.0
2356,Parsian,20210428,10040.0,9630.0,9800.0,27528240580,2835589,411,D,9920.0,9860.0
2357,Parsian,20210501,9860.0,9510.0,9750.0,9545728090,1001087,195,D,9800.0,9510.0
2358,Parsian,20210502,9460.0,9460.0,9710.0,5842760880,617628,19,D,9750.0,9460.0
2359,Parsian,20210503,9420.0,9420.0,9700.0,1768199940,187707,8,D,9710.0,9420.0
2360,Parsian,20210505,9410.0,9410.0,9680.0,2494732150,265115,15,D,9700.0,9410.0
2361,Parsian,20210508,9390.0,9390.0,9670.0,836395470,89073,4,D,9680.0,9390.0
2362,Parsian,20210509,9380.0,9380.0,9640.0,4699380000,501000,13,D,9670.0,9380.0
2363,Parsian,20210510,9360.0,9360.0,9580.0,9522049680,1017313,28,D,9640.0,9360.0
2364,Parsian,20210511,9500.0,9300.0,9310.0,90830427620,9757354,526,D,9580.0,9300.0
2365,Parsian,20210512,9290.0,9040.0,9050.0,45782940120,5063143,329,D,9310.0,9040.0
2366,Parsian,20210517,9300.0,8550.0,8850.0,47674966420,5388220,238,D,8750.0,8550.0
2367,Parsian,20210518,8730.0,8410.0,8420.0,67452887130,8013254,462,D,8850.0,8410.0
2368,Parsian,20210519,8440.0,8000.0,8030.0,38179264480,4752142,385,D,8420.0,8050.0
2369,Parsian,20210522,8020.0,7630.0,7660.0,14330845310,1875752,186,D,8030.0,7670.0
2370,Parsian,20210523,7490.0,7280.0,7290.0,33756273650,4628865,277,D,7660.0,7280.0
2371,Parsian,20210524,7280.0,6940.0,7160.0,9005992900,1271891,199,D,7290.0,7060.0
2372,Parsian,20210525,7510.0,7180.0,7470.0,23694002630,3171800,345,D,7160.0,7510.0
2373,Parsian,20210526,7840.0,7330.0,7630.0,13609839640,1779625,302,D,7470.0,7630.0
2374,Parsian,20210529,8010.0,7510.0,7800.0,7504568330,940110,206,D,7630.0,7910.0
2375,Parsian,20210530,8190.0,7700.0,8060.0,16127844950,2001406,288,D,7800.0,7850.0
2376,Parsian,20210531,8110.0,7660.0,7990.0,3624884580,466055,129,D,8060.0,7720.0
2377,Parsian,20210601,7860.0,7600.0,7760.0,15103825840,1948251,169,D,7990.0,7800.0
2378,Parsian,20210602,8130.0,7780.0,7800.0,4758587150,601719,169,D,7760.0,7980.0
2379,Parsian,20210607,8130.0,7810.0,7860.0,6568304670,826148,141,D,7800.0,8000.0
2380,Parsian,20210608,8240.0,7900.0,7960.0,6440276010,794956,168,D,7860.0,8030.0
2381,Parsian,20210609,8140.0,7710.0,7940.0,2923043670,371572,100,D,7960.0,7960.0
2382,Parsian,20210612,8100.0,7550.0,7880.0,3864718300,501144,106,D,7940.0,7750.0
2383,Parsian,20210613,7950.0,7520.0,7850.0,3803414630,489820,96,D,7880.0,7800.0
2384,Parsian,20210614,7970.0,7610.0,7840.0,4337206560,556117,108,D,7850.0,7750.0
2385,Parsian,20210615,7990.0,7450.0,7820.0,2583684580,335852,112,D,7840.0,7590.0
2386,Parsian,20210616,7830.0,7470.0,7790.0,4911992220,635423,135,D,7820.0,7640.0
2387,Parsian,20210619,7970.0,7790.0,7800.0,3558804750,455069,83,D,7790.0,7800.0
2388,Parsian,20210620,7930.0,7600.0,7780.0,6731758980,868529,161,D,7800.0,7800.0
2389,Parsian,20210621,8000.0,7720.0,7800.0,5439776040,693020,170,D,7780.0,7830.0
2390,Parsian,20210622,8030.0,7660.0,7830.0,10718886780,1366032,222,D,7800.0,7910.0
2391,Parsian,20210623,8220.0,7440.0,8040.0,16955938620,2107780,543,D,7830.0,8220.0
2392,Parsian,20210626,8440.0,8130.0,8390.0,18178208240,2167328,349,D,8040.0,8400.0
2393,Parsian,20210627,8600.0,8100.0,8390.0,9411010790,1121756,379,D,8390.0,8410.0
2394,Parsian,20210628,8510.0,8170.0,8370.0,5615533900,672981,165,D,8390.0,8300.0
2395,Parsian,20210629,8730.0,8200.0,8370.0,8845239890,1056252,188,D,8370.0,8280.0
2396,Parsian,20210630,8690.0,8370.0,8460.0,27262896180,3221537,496,D,8370.0,8640.0
2397,Parsian,20210703,8770.0,8200.0,8440.0,16159160390,1914827,290,D,8460.0,8270.0
2398,Parsian,20210704,8440.0,8050.0,8320.0,9696400770,1177926,271,D,8440.0,8180.0
2399,Parsian,20210705,8600.0,8080.0,8460.0,14548613150,1714021,247,D,8320.0,8600.0
2400,Parsian,20210706,8880.0,8570.0,8860.0,19836333640,2239139,304,D,8460.0,8880.0
2401,Parsian,20210707,9190.0,8600.0,8900.0,6387636650,710860,188,D,8860.0,9000.0
2402,Parsian,20210710,9340.0,8650.0,9180.0,29164688240,3176305,369,D,8900.0,9150.0
2403,Parsian,20210711,9490.0,8780.0,9270.0,31226320830,3367866,516,D,9180.0,9420.0
2404,Parsian,20210712,9600.0,9230.0,9460.0,18314813140,1935794,436,D,9270.0,9300.0
2405,Parsian,20210713,9460.0,9150.0,9320.0,9965071900,1082560,223,D,9460.0,9180.0
2406,Parsian,20210714,9380.0,8880.0,9180.0,14698327680,1607709,221,D,9320.0,9300.0
2407,Parsian,20210717,9260.0,8920.0,9150.0,4970656210,547858,167,D,9180.0,9060.0
2408,Parsian,20210718,9230.0,8800.0,8990.0,20839470230,2317891,208,D,9150.0,9210.0
2409,Parsian,20210719,9350.0,8990.0,9030.0,29669298810,3285538,343,D,8990.0,8990.0
2410,Parsian,20210726,9270.0,9000.0,9110.0,15983134720,1751756,221,D,9030.0,9110.0
2411,Parsian,20210727,9170.0,8660.0,9020.0,11384690380,1270420,185,D,9110.0,8660.0
2412,Parsian,20210728,9000.0,8580.0,8890.0,10368293750,1177723,281,D,9020.0,8810.0
2413,Parsian,20210731,9110.0,8660.0,8960.0,15816671210,1764090,274,D,8890.0,8940.0
2414,Parsian,20210801,9110.0,8850.0,8960.0,61547122660,6866788,431,D,8960.0,8960.0
2415,Parsian,20210802,9080.0,8660.0,8990.0,21174524630,2355561,243,D,8960.0,9080.0
2416,Parsian,20210803,9090.0,8890.0,9000.0,20275867820,2253381,208,D,8990.0,9000.0
2417,Parsian,20210804,9130.0,8700.0,9000.0,24306542340,2701516,252,D,9000.0,9060.0
2418,Parsian,20210807,9070.0,8860.0,8930.0,24865031610,2784193,248,D,9000.0,8980.0
2419,Parsian,20210808,9120.0,8950.0,8980.0,11936198270,1324340,220,D,8930.0,8970.0
2420,Parsian,20210809,9160.0,8900.0,9050.0,14545832550,1603901,185,D,8980.0,9050.0
2421,Parsian,20210810,9450.0,9010.0,9190.0,16682456520,1812754,244,D,9050.0,9390.0
2422,Parsian,20210811,9500.0,9250.0,9330.0,13709877090,1462270,227,D,9190.0,9450.0
2423,Parsian,20210814,9790.0,9160.0,9650.0,37598931460,3895796,385,D,9330.0,9790.0
2424,Parsian,20210815,10130.0,9720.0,10100.0,98948729950,9795137,642,D,9650.0,10130.0
2425,Parsian,20210822,10600.0,10160.0,10420.0,76326341910,7326254,894,D,10100.0,10600.0
2426,Parsian,20210823,10890.0,10400.0,10600.0,44322403710,4182905,510,D,10420.0,10890.0
2427,Parsian,20210824,11130.0,10660.0,10960.0,56021027990,5110669,1340,D,10600.0,11130.0
2428,Parsian,20210825,11500.0,10510.0,11300.0,58672423200,5190172,713,D,10960.0,11500.0
2429,Parsian,20210828,11860.0,11350.0,11840.0,45074292010,3808322,1021,D,11300.0,11860.0
2430,Parsian,20210829,12430.0,11360.0,12290.0,267901062530,21797053,1865,D,11840.0,12010.0
2431,Parsian,20210830,12320.0,11680.0,11940.0,46600949300,3904071,394,D,12290.0,11680.0
2432,Parsian,20210831,11990.0,11350.0,11590.0,118269750730,10206346,1401,D,11940.0,11550.0
2433,Parsian,20210901,11900.0,11250.0,11650.0,23832194320,2045658,355,D,11590.0,11850.0
2434,Parsian,20210904,12200.0,11500.0,11990.0,30995544710,2585401,1033,D,11650.0,12080.0
2435,Parsian,20210905,12580.0,11750.0,12450.0,60639695750,4869010,287,D,11990.0,12580.0
2436,Parsian,20210906,13070.0,12700.0,13060.0,239119085030,18308351,2466,D,12450.0,13060.0
2437,Parsian,20210907,13590.0,12770.0,13280.0,113021540570,8512598,1221,D,13060.0,13380.0
2438,Parsian,20210908,13880.0,12630.0,13560.0,52948338170,3905142,669,D,13280.0,13800.0
2439,Parsian,20210911,14230.0,13210.0,14130.0,112306649270,7950395,1387,D,13560.0,14140.0
2440,Parsian,20210912,14460.0,13430.0,13640.0,109521185190,8029485,1340,D,14130.0,13780.0
2441,Parsian,20210913,13940.0,12960.0,13230.0,49576546310,3747681,790,D,13640.0,13400.0
2442,Parsian,20210914,13380.0,12710.0,13040.0,42591980460,3266028,630,D,13230.0,13000.0
2443,Parsian,20210915,13260.0,12440.0,12780.0,35617818020,2787233,807,D,13040.0,12570.0
2444,Parsian,20210918,12730.0,12150.0,12190.0,54738241940,4489262,883,D,12780.0,12150.0
2445,Parsian,20210919,12190.0,11590.0,11650.0,35636371530,3059823,543,D,12190.0,11590.0
2446,Parsian,20210920,12050.0,11080.0,11500.0,32838591800,2854933,731,D,11650.0,11610.0
2447,Parsian,20210921,11950.0,10940.0,11400.0,4676197520,424317,133,D,11500.0,11000.0
2448,Parsian,20210922,11280.0,10830.0,10900.0,39858121420,3656291,575,D,11400.0,11140.0
2449,Parsian,20210925,11440.0,10850.0,11420.0,25807862760,2260415,567,D,10900.0,11440.0
2450,Parsian,20210926,11500.0,11000.0,11260.0,9711390840,878210,227,D,11420.0,11240.0
2451,Parsian,20210928,11200.0,10700.0,10810.0,29237212390,2705405,321,D,11260.0,10780.0
2452,Parsian,20210929,10930.0,10280.0,10490.0,30636050770,2920149,442,D,10810.0,10620.0
2453,Parsian,20211002,10680.0,10110.0,10330.0,24235301710,2345843,917,D,10490.0,10210.0
2454,Parsian,20211003,10600.0,10100.0,10300.0,38301053460,3716787,931,D,10330.0,10400.0
2455,Parsian,20211004,10810.0,10450.0,10790.0,37937474530,3516042,583,D,10300.0,10810.0
2456,Parsian,20211006,11320.0,11140.0,11210.0,18507042560,1637670,546,D,10790.0,11320.0
2457,Parsian,20211009,11770.0,10700.0,11560.0,46356543690,4010237,872,D,11210.0,11590.0
2458,Parsian,20211010,12120.0,11560.0,12020.0,48380896490,4023783,711,D,11560.0,12100.0
2459,Parsian,20211011,12550.0,11420.0,11630.0,38210854230,3285120,466,D,12020.0,11420.0
2460,Parsian,20211012,11350.0,11050.0,11450.0,7150695600,646396,99,D,11630.0,11050.0
2461,Parsian,20211013,10990.0,10880.0,10880.0,24350704880,2237896,307,D,11450.0,10880.0
2462,Parsian,20211016,11290.0,10340.0,10680.0,29334816640,2745851,623,D,10880.0,10510.0
2463,Parsian,20211017,10750.0,10160.0,10390.0,17166719080,1662581,423,D,10680.0,10290.0
2464,Parsian,20211018,10900.0,9970.0,10680.0,36855547220,3449541,496,D,10390.0,10900.0
2465,Parsian,20211019,11210.0,10940.0,11160.0,42511274950,3810549,523,D,10680.0,11100.0
2466,Parsian,20211020,11200.0,10610.0,10790.0,18283939970,1703870,519,D,11160.0,10860.0
2467,Parsian,20211023,11200.0,10260.0,10280.0,32539436220,3166154,315,D,10790.0,10260.0
2468,Parsian,20211025,10490.0,10080.0,10260.0,11405966200,1113021,242,D,10280.0,10080.0
2469,Parsian,20211026,10470.0,9800.0,10070.0,12949279250,1299580,286,D,10260.0,10180.0
2470,Parsian,20211027,10480.0,9810.0,10060.0,26494476310,2632344,267,D,10070.0,10020.0
2471,Parsian,20211030,10310.0,9560.0,9900.0,9735820010,999459,216,D,10060.0,9560.0
2472,Parsian,20211031,9800.0,9410.0,9740.0,7205322400,759715,145,D,9900.0,9410.0
2473,Parsian,20211101,9990.0,9260.0,9580.0,13960840610,1466138,255,D,9740.0,9460.0
2474,Parsian,20211102,9560.0,9110.0,9170.0,25489333730,2780646,222,D,9580.0,9400.0
2475,Parsian,20211103,9410.0,9030.0,9280.0,19384090670,2089247,234,D,9170.0,9270.0
2476,Parsian,20211106,9640.0,9100.0,9430.0,37143441540,3939643,366,D,9280.0,9450.0
2477,Parsian,20211107,9590.0,9020.0,9360.0,13356269340,1430921,267,D,9430.0,9390.0
2478,Parsian,20211108,9620.0,9300.0,9400.0,23384322090,2488024,248,D,9360.0,9490.0
2479,Parsian,20211109,9640.0,9400.0,9440.0,6231642390,653394,157,D,9400.0,9430.0
2480,Parsian,20211110,9820.0,9330.0,9510.0,10446417860,1092534,202,D,9440.0,9520.0
2481,Parsian,20211113,9740.0,9330.0,9540.0,10362170230,1084034,151,D,9510.0,9530.0
2482,Parsian,20211114,9630.0,9220.0,9490.0,10717368920,1134935,152,D,9540.0,9230.0
2483,Parsian,20211115,9590.0,9120.0,9420.0,15049222820,1600524,271,D,9490.0,9130.0
2484,Parsian,20211116,9470.0,9030.0,9390.0,8085952230,863975,183,D,9420.0,9170.0
2485,Parsian,20211117,9650.0,9260.0,9440.0,9227919040,972693,141,D,9390.0,9490.0
2486,Parsian,20211120,9550.0,9100.0,9380.0,8581412960,921996,137,D,9440.0,9230.0
2487,Parsian,20211122,9500.0,9200.0,9360.0,5317275970,570132,74,D,9380.0,9390.0
2488,Parsian,20211123,9630.0,8990.0,9260.0,10358612080,1129018,177,D,9360.0,9180.0
2489,Parsian,20211124,9370.0,9160.0,9260.0,6407368370,691621,126,D,9260.0,9220.0
2490,Parsian,20211127,9300.0,8870.0,9170.0,9383972440,1032825,150,D,9260.0,9050.0
2491,Parsian,20211128,9200.0,8990.0,9110.0,13922144030,1531588,207,D,9170.0,9190.0
2492,Parsian,20211129,9230.0,8880.0,9010.0,13602078600,1514549,115,D,9110.0,8890.0
2493,Parsian,20211130,9000.0,8580.0,8960.0,5869637520,662682,78,D,9010.0,8770.0
2494,Parsian,20211201,9000.0,8600.0,8890.0,10836705460,1224637,167,D,8960.0,8720.0
2495,Parsian,20211204,9000.0,8450.0,8780.0,10109632930,1161718,133,D,8890.0,8450.0
2496,Parsian,20211205,8850.0,8590.0,8750.0,11019166510,1261506,198,D,8780.0,8780.0
2497,Parsian,20211206,9050.0,8600.0,8750.0,6635869310,757885,147,D,8750.0,8800.0
2498,Parsian,20211207,8850.0,8430.0,8750.0,6402031670,732327,98,D,8750.0,8520.0
2499,Parsian,20211208,8990.0,8700.0,8770.0,7566407120,861266,204,D,8750.0,8750.0
2500,Parsian,20211211,8850.0,8350.0,8750.0,5152545790,592548,114,D,8770.0,8560.0
2501,Parsian,20211212,8880.0,8340.0,8640.0,6073321010,718456,132,D,8750.0,8490.0
2502,Parsian,20211213,8700.0,8210.0,8510.0,7216314110,864759,154,D,8640.0,8220.0
2503,Parsian,20211214,8840.0,8240.0,8480.0,5519932990,655365,171,D,8510.0,8420.0
2504,Parsian,20211215,8690.0,8400.0,8480.0,3648352590,430637,126,D,8480.0,8480.0
2505,Parsian,20211218,8780.0,8440.0,8540.0,7652769760,888353,119,D,8480.0,8780.0
2506,Parsian,20211219,8770.0,8200.0,8510.0,5716384150,676834,100,D,8540.0,8410.0
2507,Parsian,20211220,8590.0,8360.0,8510.0,13094479300,1539008,137,D,8510.0,8510.0
2508,Parsian,20211221,8700.0,8300.0,8540.0,8187190480,954859,166,D,8510.0,8650.0
2509,Parsian,20211222,8960.0,8600.0,8760.0,10277906630,1151764,200,D,8540.0,8860.0
2510,Parsian,20211225,9180.0,8420.0,8770.0,6230707130,709903,135,D,8760.0,8790.0
2511,Parsian,20211226,8880.0,8400.0,8680.0,8249414130,961269,142,D,8770.0,8700.0
2512,Parsian,20211227,8830.0,8600.0,8710.0,17008026670,1953473,178,D,8680.0,8620.0
2513,Parsian,20211228,8750.0,8410.0,8630.0,6451100850,758050,153,D,8710.0,8550.0
2514,Parsian,20211229,8720.0,8500.0,8630.0,5497847690,638087,110,D,8630.0,8620.0
2515,Parsian,20220101,8730.0,8550.0,8630.0,5003247880,579309,108,D,8630.0,8650.0
2516,Parsian,20220102,8770.0,8600.0,8640.0,3929831100,453541,83,D,8630.0,8630.0
2517,Parsian,20220103,8730.0,8210.0,8480.0,10323781010,1232487,99,D,8640.0,8400.0
2518,Parsian,20220104,8620.0,8250.0,8300.0,34839528420,4197813,202,D,8480.0,8380.0
2519,Parsian,20220105,8490.0,8220.0,8270.0,14172414540,1715645,150,D,8300.0,8220.0
2520,Parsian,20220108,8310.0,8110.0,8270.0,13684402550,1655847,177,D,8270.0,8290.0
2521,Parsian,20220109,8370.0,8110.0,8240.0,11216609790,1363166,117,D,8270.0,8280.0
2522,Parsian,20220110,8390.0,8100.0,8210.0,16613599900,2023341,183,D,8240.0,8240.0
2523,Parsian,20220111,8390.0,8200.0,8230.0,15069340340,1830795,147,D,8210.0,8250.0
2524,Parsian,20220112,8380.0,8230.0,8260.0,7884328310,951222,149,D,8230.0,8350.0
2525,Parsian,20220115,8360.0,8200.0,8260.0,8534479640,1033589,132,D,8260.0,8280.0
2526,Parsian,20220116,8300.0,8200.0,8260.0,6515400930,789357,143,D,8260.0,8270.0
2527,Parsian,20220117,8640.0,8160.0,8260.0,2433735270,295580,119,D,8260.0,8160.0
2528,Parsian,20220118,8270.0,7850.0,8180.0,4510823770,564576,155,D,8260.0,7850.0
2529,Parsian,20220119,8130.0,7780.0,8180.0,286985050,36260,28,D,8180.0,7980.0
2530,Parsian,20220122,8130.0,7780.0,7990.0,21430942700,2682691,234,D,8180.0,8120.0
2531,Parsian,20220123,8070.0,7640.0,7890.0,9665501320,1234688,123,D,7990.0,7640.0
2532,Parsian,20220124,8040.0,7500.0,7830.0,7303557260,940032,141,D,7890.0,7740.0
2533,Parsian,20220125,7940.0,7460.0,7800.0,6678744290,860697,146,D,7830.0,7680.0
2534,Parsian,20220126,8080.0,7640.0,7800.0,5184501470,664719,109,D,7800.0,7800.0
2535,Parsian,20220129,8110.0,7800.0,7850.0,6373539940,803484,162,D,7800.0,8000.0
2536,Parsian,20220130,8190.0,7690.0,7880.0,13434632250,1703268,257,D,7850.0,7930.0
2537,Parsian,20220131,8170.0,7850.0,7930.0,6742983240,843078,111,D,7880.0,8140.0
2538,Parsian,20220201,8240.0,7850.0,7940.0,3633428640,454862,150,D,7930.0,8050.0
2539,Parsian,20220202,8320.0,7860.0,8010.0,8175468880,1011606,201,D,7940.0,8160.0
2540,Parsian,20220205,8260.0,7890.0,8010.0,7005627910,875075,160,D,8010.0,8110.0
2541,Parsian,20220206,8150.0,7610.0,7920.0,11833910290,1501109,216,D,8010.0,7610.0
2542,Parsian,20220207,8070.0,7530.0,7830.0,3689215160,488390,128,D,7920.0,7530.0
2543,Parsian,20220208,8150.0,7620.0,7960.0,28208408570,3544632,333,D,7830.0,7900.0
2544,Parsian,20220209,8230.0,7900.0,8040.0,10636967130,1315947,249,D,7960.0,8140.0
2545,Parsian,20220212,8240.0,8050.0,8080.0,5782070760,709377,182,D,8040.0,8200.0
2546,Parsian,20220213,8240.0,8000.0,8090.0,11181983240,1382486,298,D,8080.0,8140.0
2547,Parsian,20220214,8240.0,8000.0,8110.0,19501216270,2405192,353,D,8090.0,8140.0
2548,Parsian,20220216,8210.0,7900.0,8120.0,16125487910,1986037,304,D,8110.0,8090.0
2549,Parsian,20220219,8230.0,7730.0,8120.0,19281247630,2375993,292,D,8120.0,8170.0
2550,Parsian,20220220,8230.0,7720.0,8070.0,21487163950,2663880,375,D,8120.0,7840.0
2551,Parsian,20220302,3528.0,3240.0,3386.0,3580409571,1028465,100,D,3360.0,3370.0
2552,Parsian,20220305,3519.0,3370.0,3394.0,3915626496,1145462,150,D,3386.0,3386.0
2553,Parsian,20220306,3459.0,3227.0,3390.0,6095119259,1801980,161,D,3394.0,3400.0
2554,Parsian,20220307,3460.0,3290.0,3391.0,7968463079,2349425,216,D,3390.0,3410.0
2555,Parsian,20220308,3556.0,3331.0,3390.0,1360211585,402172,68,D,3391.0,3335.0
2556,Parsian,20220309,3510.0,3330.0,3392.0,3963570367,1166461,176,D,3390.0,3360.0
2557,Parsian,20220312,3425.0,3311.0,3388.0,4050102289,1199029,200,D,3392.0,3311.0
2558,Parsian,20220313,3410.0,3333.0,3388.0,2546157982,751390,122,D,3388.0,3399.0
2559,Parsian,20220314,3449.0,3340.0,3397.0,8548904411,2511075,116,D,3388.0,3409.0
2560,Parsian,20220315,3450.0,3342.0,3403.0,8334702092,2444545,119,D,3397.0,3440.0
2561,Parsian,20220316,3449.0,3300.0,3388.0,26178501354,7727819,271,D,3403.0,3410.0
2562,Parsian,20220319,3500.0,3337.0,3398.0,11122440995,3269365,201,D,3388.0,3401.0
2563,Parsian,20220326,3420.0,3390.0,3398.0,1736428486,510986,38,D,3398.0,3400.0
2564,Parsian,20220327,3420.0,3333.0,3384.0,8027991076,2381806,188,D,3398.0,3398.0
2565,Parsian,20220328,3469.0,3333.0,3384.0,9941837673,2937557,213,D,3384.0,3398.0
2566,Parsian,20220329,3440.0,3337.0,3385.0,3823464864,1127937,92,D,3384.0,3384.0
2567,Parsian,20220330,3419.0,3358.0,3392.0,11259366525,3316126,199,D,3385.0,3389.0
2568,Parsian,20220403,3561.0,3402.0,3530.0,137842675554,39052147,609,D,3392.0,3561.0
2569,Parsian,20220404,3706.0,3706.0,3706.0,121430347574,32765879,246,D,3530.0,3706.0
2570,Parsian,20220405,3891.0,3705.0,3838.0,254548994804,66315621,2483,D,3706.0,3822.0
2571,Parsian,20220406,3887.0,3706.0,3795.0,47349842099,12477722,846,D,3838.0,3750.0
2572,Parsian,20220409,3780.0,3640.0,3729.0,28745408953,7708375,447,D,3795.0,3730.0
2573,Parsian,20220410,3915.0,3711.0,3890.0,171898416363,44194664,1811,D,3729.0,3915.0
2574,Parsian,20220411,4060.0,3782.0,3910.0,78242775955,20011840,950,D,3890.0,3811.0
2575,Parsian,20220412,3893.0,3715.0,3840.0,6905263065,1852149,141,D,3910.0,3715.0
2576,Parsian,20220413,3776.0,3648.0,3677.0,77138926719,20980615,1126,D,3840.0,3713.0
2577,Parsian,20220416,3800.0,3660.0,3709.0,26960358264,7268804,1027,D,3677.0,3692.0
2578,Parsian,20220417,3790.0,3550.0,3650.0,30491522995,8354200,657,D,3709.0,3715.0
2579,Parsian,20220418,3788.0,3565.0,3654.0,46118014042,12622746,850,D,3650.0,3734.0
2580,Parsian,20220419,3873.0,3660.0,3825.0,61478397329,16070700,1060,D,3654.0,3873.0
2581,Parsian,20220420,3965.0,3724.0,3878.0,58775368904,15157413,1699,D,3825.0,3898.0
2582,Parsian,20220424,3950.0,3753.0,3839.0,35160832440,9158065,847,D,3878.0,3940.0
2583,Parsian,20220425,3899.0,3609.0,3786.0,39650829112,10473780,848,D,3839.0,3820.0
2584,Parsian,20220426,4011.0,3787.0,3954.0,110505556906,27949863,2234,D,3786.0,4000.0
2585,Parsian,20220427,4030.0,3830.0,3937.0,51858840294,13170802,1316,D,3954.0,3930.0
2586,Parsian,20220430,4007.0,3803.0,3946.0,38794229934,9832205,869,D,3937.0,3919.0
2587,Parsian,20220501,3980.0,3850.0,3914.0,42637123118,10894601,719,D,3946.0,3944.0
2588,Parsian,20220502,4148.0,3913.0,4144.0,731572656302,176551802,4516,D,3914.0,4140.0
2589,Parsian,20220507,4190.0,4021.0,4093.0,191574434751,46799881,1941,D,4144.0,4093.0
2590,Parsian,20220508,4189.0,4060.0,4122.0,77222403316,18734127,1218,D,4093.0,4175.0
2591,Parsian,20220509,4200.0,3990.0,4051.0,100300307998,24762415,2158,D,4122.0,4026.0
2592,Parsian,20220510,4010.0,3848.0,3921.0,52791583175,13465097,1015,D,4051.0,3935.0
2593,Parsian,20220511,4051.0,3920.0,3967.0,58630957982,14781485,849,D,3921.0,3995.0
2594,Parsian,20220514,4047.0,3825.0,3899.0,54562267496,13995410,1014,D,3967.0,3880.0
2595,Parsian,20220515,4020.0,3846.0,3953.0,63312667740,16015821,1179,D,3899.0,3980.0
2596,Parsian,20220516,4030.0,3916.0,3978.0,78048992784,19620939,1210,D,3953.0,3956.0
2597,Parsian,20220517,4030.0,3851.0,3928.0,51271957910,13054138,1070,D,3978.0,3899.0
2598,Parsian,20220518,3938.0,3752.0,3860.0,60388651819,15643283,858,D,3928.0,3781.0
2599,Parsian,20220521,3918.0,3750.0,3821.0,49346865896,12915432,953,D,3860.0,3767.0
2600,Parsian,20220522,3884.0,3706.0,3791.0,64115029190,16912801,1241,D,3821.0,3752.0
2601,Parsian,20220523,3819.0,3564.0,3579.0,170144092634,47543412,1091,D,3791.0,3565.0
2602,Parsian,20220524,3730.0,3430.0,3589.0,36723412056,10232612,562,D,3579.0,3599.0
2603,Parsian,20220525,3700.0,3478.0,3596.0,76620001904,21308143,1174,D,3589.0,3603.0
2604,Parsian,20220528,3779.0,3510.0,3621.0,40976454352,11315219,973,D,3596.0,3567.0
2605,Parsian,20220529,3620.0,3480.0,3549.0,28112315116,7921566,882,D,3621.0,3598.0
2606,Parsian,20220530,3639.0,3471.0,3518.0,21944882711,6238107,386,D,3549.0,3510.0
2607,Parsian,20220531,3583.0,3430.0,3517.0,61180884565,17398148,713,D,3518.0,3545.0
2608,Parsian,20220611,3650.0,3356.0,3562.0,32156953479,9028646,383,D,3467.0,3493.0
2609,Parsian,20220612,3575.0,3452.0,3515.0,30939563645,8802191,619,D,3562.0,3510.0
2610,Parsian,20220613,3568.0,3407.0,3492.0,59027141715,16901211,1197,D,3515.0,3495.0
2611,Parsian,20220614,3588.0,3461.0,3515.0,127788912193,36358635,915,D,3492.0,3535.0
2612,Parsian,20220615,3560.0,3461.0,3540.0,42796738852,12089986,1120,D,3515.0,3549.0
2613,Parsian,20220618,3650.0,3520.0,3548.0,62454900872,17603701,379,D,3540.0,3559.0
2614,Parsian,20220619,3600.0,3488.0,3558.0,36943049168,10382742,485,D,3548.0,3570.0
2615,Parsian,20220620,3621.0,3500.0,3558.0,154444985218,43404889,531,D,3558.0,3580.0
2616,Parsian,20220621,3749.0,3514.0,3647.0,42146968200,11558150,900,D,3558.0,3738.0
2617,Parsian,20220626,3864.0,3513.0,3626.0,22734214980,6270017,267,D,3647.0,3699.0
2618,Parsian,20220627,3745.0,3520.0,3633.0,12063294972,3317570,283,D,3626.0,3666.0
2619,Parsian,20220628,3729.0,3600.0,3654.0,9273792081,2524279,169,D,3633.0,3650.0
2620,Parsian,20220629,3720.0,3551.0,3624.0,17655916044,4871799,369,D,3654.0,3650.0
2621,Parsian,20220702,3663.0,3525.0,3625.0,10111430488,2789257,279,D,3624.0,3649.0
2622,Parsian,20220703,3680.0,3580.0,3625.0,11507153499,3174984,291,D,3625.0,3625.0
2623,Parsian,20220704,3649.0,3589.0,3625.0,9078602955,2504521,166,D,3625.0,3630.0
2624,Parsian,20220705,3659.0,3532.0,3618.0,8279933389,2293636,159,D,3625.0,3598.0
2625,Parsian,20220706,3658.0,3534.0,3609.0,23042638006,6384405,397,D,3618.0,3622.0
2626,Parsian,20220709,3694.0,3570.0,3648.0,41058564619,11253751,512,D,3609.0,3659.0
2627,Parsian,20220711,3691.0,3556.0,3659.0,43309486387,11836163,572,D,3648.0,3648.0
2628,Parsian,20220712,3670.0,3513.0,3606.0,29080901218,8065618,765,D,3659.0,3518.0
2629,Parsian,20220713,3618.0,3527.0,3603.0,22424823837,6223474,411,D,3606.0,3602.0
2630,Parsian,20220716,3625.0,3503.0,3609.0,33628210782,9318894,444,D,3603.0,3612.0
2631,Parsian,20220717,3640.0,3526.0,3608.0,49716220115,13779160,353,D,3609.0,3601.0
2632,Parsian,20220719,3656.0,3561.0,3617.0,16375361036,4526696,239,D,3608.0,3563.0
2633,Parsian,20220720,3670.0,3506.0,3629.0,17123044506,4718593,227,D,3617.0,3618.0
2634,Parsian,20220723,3678.0,3578.0,3642.0,15766776593,4326852,271,D,3629.0,3641.0
2635,Parsian,20220724,3745.0,3580.0,3648.0,22164905791,6075963,331,D,3642.0,3625.0
2636,Parsian,20220725,3653.0,3512.0,3627.0,7421784421,2062269,171,D,3648.0,3577.0
2637,Parsian,20220726,3613.0,3420.0,3563.0,54786129903,15378095,465,D,3627.0,3546.0
2638,Parsian,20220727,3575.0,3401.0,3546.0,39743239971,11209148,306,D,3563.0,3550.0
2639,Parsian,20220730,3550.0,3407.0,3499.0,8305845577,2405688,128,D,3546.0,3450.0
2640,Parsian,20220731,3501.0,3400.0,3467.0,47968831671,13837368,281,D,3499.0,3450.0
2641,Parsian,20220801,3465.0,3380.0,3403.0,27353445356,8038668,161,D,3467.0,3430.0
2642,Parsian,20220802,3410.0,3340.0,3398.0,31518436510,9275832,156,D,3403.0,3407.0
2643,Parsian,20220803,3480.0,3350.0,3409.0,13190947296,3865878,181,D,3398.0,3470.0
2644,Parsian,20220806,3465.0,3404.0,3411.0,2214574893,646876,55,D,3409.0,3430.0
2645,Parsian,20220809,3469.0,3302.0,3391.0,42776665918,12616212,281,D,3411.0,3400.0
2646,Parsian,20220810,3450.0,3354.0,3393.0,4404637197,1295442,69,D,3391.0,3355.0
2647,Parsian,20220813,3477.0,3313.0,3373.0,34083070288,10103482,275,D,3393.0,3401.0
2648,Parsian,20220814,3420.0,3320.0,3350.0,38151595774,11387559,153,D,3373.0,3390.0
2649,Parsian,20220815,3399.0,3305.0,3351.0,1554513423,463231,73,D,3350.0,3326.0
2650,Parsian,20220816,3390.0,3306.0,3359.0,6651084485,1974047,181,D,3351.0,3389.0
2651,Parsian,20220817,3400.0,3236.0,3363.0,2653689537,784361,109,D,3359.0,3380.0
2652,Parsian,20220820,3540.0,3350.0,3509.0,56333790576,16054875,226,D,3363.0,3419.0
2653,Parsian,20220821,3583.0,3379.0,3480.0,5671707184,1656666,255,D,3509.0,3433.0
2654,Parsian,20220822,3470.0,3345.0,3469.0,5127086048,1487875,147,D,3480.0,3462.0
2655,Parsian,20220823,3489.0,3382.0,3458.0,7915640373,2296488,223,D,3469.0,3429.0
2656,Parsian,20220824,3500.0,3400.0,3428.0,14485522759,4230771,300,D,3458.0,3458.0
2657,Parsian,20220827,3494.0,3359.0,3425.0,3168362174,928771,135,D,3428.0,3400.0
2658,Parsian,20220828,3449.0,3336.0,3420.0,4743921260,1392793,172,D,3425.0,3399.0
2659,Parsian,20220829,3473.0,3302.0,3416.0,9666177124,2831284,125,D,3420.0,3399.0
2660,Parsian,20220830,3480.0,3355.0,3415.0,5001706068,1466221,145,D,3416.0,3429.0
2661,Parsian,20220831,3449.0,3345.0,3419.0,14780366950,4322852,166,D,3415.0,3449.0
2662,Parsian,20220903,3425.0,3352.0,3413.0,5653990973,1662347,109,D,3419.0,3422.0
2663,Parsian,20220904,3429.0,3321.0,3399.0,8999908376,2656449,170,D,3413.0,3400.0
2664,Parsian,20220905,3455.0,3337.0,3394.0,5726623709,1691911,143,D,3399.0,3338.0
2665,Parsian,20220906,3419.0,3323.0,3367.0,17188913708,5105524,248,D,3394.0,3385.0
2666,Parsian,20220918,3230.0,3090.0,3185.0,8527307361,2677428,195,D,3185.0,3179.0
2667,Parsian,20220919,3240.0,2963.0,3179.0,7738887307,2439237,254,D,3185.0,3186.0
2668,Parsian,20220920,3219.0,3075.0,3178.0,6006977927,1891028,123,D,3179.0,3173.0
2669,Parsian,20220921,3190.0,3070.0,3171.0,6344627028,2008347,244,D,3178.0,3168.0
2670,Parsian,20220924,3199.0,2950.0,3134.0,9707186307,3122114,143,D,3171.0,3064.0
2671,Parsian,20220926,3250.0,3070.0,3168.0,13577853796,4275863,198,D,3134.0,3168.0
2672,Parsian,20220928,3200.0,3107.0,3160.0,8883981358,2817156,214,D,3168.0,3107.0
2673,Parsian,20221001,3172.0,2974.0,3121.0,6158367474,2012681,153,D,3160.0,3029.0
2674,Parsian,20221002,3126.0,2977.0,3092.0,11629055909,3774490,202,D,3121.0,3008.0
2675,Parsian,20221003,3100.0,2990.0,3077.0,9024396715,2943071,166,D,3092.0,2994.0
2676,Parsian,20221004,3090.0,2990.0,3071.0,6826024969,2227763,132,D,3077.0,3015.0
2677,Parsian,20221008,3080.0,2974.0,3056.0,9020373180,2963217,135,D,3071.0,3000.0
2678,Parsian,20221009,3099.0,2846.0,2948.0,18752739811,6361989,297,D,3056.0,2900.0
2679,Parsian,20221010,2953.0,2851.0,2940.0,11253798438,3832245,139,D,2948.0,2888.0
2680,Parsian,20221011,3050.0,2900.0,2954.0,10487105574,3542383,130,D,2940.0,2910.0
2681,Parsian,20221012,3020.0,2898.0,2954.0,4214086191,1426113,108,D,2954.0,2959.0
2682,Parsian,20221015,3050.0,2899.0,2957.0,3444129904,1160207,83,D,2954.0,2948.0
2683,Parsian,20221016,2960.0,2900.0,2955.0,3985843136,1351938,107,D,2957.0,2960.0
2684,Parsian,20221017,2979.0,2850.0,2930.0,9602672357,3293042,160,D,2955.0,2940.0
2685,Parsian,20221018,2980.0,2879.0,2929.0,2527632477,863687,72,D,2930.0,2905.0
2686,Parsian,20221019,2948.0,2851.0,2922.0,4425364427,1524004,87,D,2929.0,2856.0
2687,Parsian,20221022,2969.0,2853.0,2902.0,7517706665,2609012,141,D,2922.0,2900.0
2688,Parsian,20221023,2935.0,2861.0,2906.0,7885800586,2710290,127,D,2902.0,2903.0
2689,Parsian,20221024,2929.0,2807.0,2896.0,11241982563,3887168,149,D,2906.0,2910.0
2690,Parsian,20221025,2940.0,2840.0,2892.0,3328209140,1156344,152,D,2896.0,2895.0
2691,Parsian,20221026,2894.0,2744.0,2883.0,2026836992,717163,90,D,2892.0,2820.0
2692,Parsian,20221029,2919.0,2782.0,2874.0,11467158860,3994141,160,D,2883.0,2885.0
2693,Parsian,20221030,2910.0,2802.0,2873.0,6737023234,2345691,137,D,2874.0,2885.0
2694,Parsian,20221031,2940.0,2868.0,2884.0,5709666957,1968035,127,D,2873.0,2908.0
2695,Parsian,20221101,2939.0,2860.0,2888.0,4342362869,1498916,74,D,2884.0,2913.0
2696,Parsian,20221102,2949.0,2846.0,2890.0,1449908474,499272,57,D,2888.0,2917.0
2697,Parsian,20221105,2935.0,2890.0,2893.0,4256280100,1466690,86,D,2890.0,2904.0
2698,Parsian,20221106,2949.0,2805.0,2894.0,3484829526,1202404,110,D,2893.0,2894.0
2699,Parsian,20221107,3096.0,2888.0,3051.0,21525034919,7055523,240,D,2894.0,3096.0
2700,Parsian,20221108,3240.0,3055.0,3128.0,13458837919,4279484,380,D,3051.0,3056.0
2701,Parsian,20221109,3195.0,2980.0,3118.0,7624729727,2454205,200,D,3128.0,3150.0
2702,Parsian,20221112,3195.0,3077.0,3117.0,6098685359,1957533,158,D,3118.0,3120.0
2703,Parsian,20221113,3141.0,3058.0,3112.0,6941687544,2236113,137,D,3117.0,3100.0
2704,Parsian,20221114,3100.0,3019.0,3094.0,4184921010,1374500,114,D,3112.0,3020.0
2705,Parsian,20221115,3109.0,3017.0,3095.0,39894028485,12889010,269,D,3094.0,3094.0
2706,Parsian,20221116,3100.0,3047.0,3090.0,16081564144,5203899,131,D,3095.0,3094.0
2707,Parsian,20221119,3130.0,3015.0,3081.0,14954146570,4854550,154,D,3090.0,3090.0
2708,Parsian,20221120,3124.0,3022.0,3078.0,17469138003,5674604,250,D,3081.0,3089.0
2709,Parsian,20221121,3090.0,3023.0,3074.0,6584528878,2145766,157,D,3078.0,3079.0
2710,Parsian,20221122,3147.0,3037.0,3077.0,3173970111,1027221,62,D,3074.0,3090.0
2711,Parsian,20221123,3140.0,3037.0,3088.0,5212990113,1675621,134,D,3077.0,3140.0
2712,Parsian,20221126,3146.0,3061.0,3092.0,2409364789,773116,78,D,3088.0,3132.0
2713,Parsian,20221127,3128.0,3050.0,3091.0,5276306682,1708728,162,D,3092.0,3098.0
2714,Parsian,20221128,3130.0,3040.0,3080.0,21003437847,6818356,235,D,3091.0,3088.0
2715,Parsian,20221129,3099.0,3034.0,3077.0,5494354830,1788182,140,D,3080.0,3089.0
2716,Parsian,20221130,3188.0,3049.0,3115.0,9201670445,2926127,217,D,3077.0,3150.0
2717,Parsian,20221203,3168.0,3000.0,3098.0,9652165220,3127477,227,D,3115.0,3099.0
2718,Parsian,20221204,3120.0,3012.0,3074.0,8754225730,2865887,227,D,3098.0,3058.0
2719,Parsian,20221205,3150.0,3035.0,3077.0,7544125011,2448721,141,D,3074.0,3074.0
2720,Parsian,20221206,3110.0,3021.0,3072.0,7693474306,2508337,185,D,3077.0,3070.0
2721,Parsian,20221207,3140.0,3000.0,3063.0,8277911485,2709518,162,D,3072.0,3000.0
2722,Parsian,20221210,3082.0,3011.0,3062.0,4968319288,1623316,150,D,3063.0,3075.0
2723,Parsian,20221211,3083.0,3003.0,3065.0,5372363874,1749167,142,D,3062.0,3083.0
2724,Parsian,20221212,3083.0,3029.0,3067.0,5147741305,1675835,96,D,3065.0,3080.0
2725,Parsian,20221213,3091.0,3029.0,3072.0,10194890371,3316065,199,D,3067.0,3076.0
2726,Parsian,20221214,3100.0,3033.0,3072.0,4337788561,1412428,105,D,3072.0,3076.0
2727,Parsian,20221217,3287.0,3057.0,3246.0,242526449520,74720463,1858,D,3072.0,3262.0
2728,Parsian,20221218,3329.0,3177.0,3215.0,75030952738,23337042,1185,D,3246.0,3188.0
2729,Parsian,20221219,3292.0,3147.0,3216.0,33957913686,10560031,584,D,3215.0,3163.0
2730,Parsian,20221220,3238.0,3098.0,3172.0,11445652208,3629362,325,D,3216.0,3117.0
2731,Parsian,20221221,3260.0,3130.0,3188.0,22622845459,7096570,463,D,3172.0,3142.0
2732,Parsian,20221224,3244.0,3155.0,3216.0,21096106458,6558851,351,D,3188.0,3225.0
2733,Parsian,20221225,3370.0,3165.0,3282.0,94821159378,28886940,1259,D,3216.0,3289.0
2734,Parsian,20221226,3390.0,3280.0,3334.0,59292826201,17781975,1141,D,3282.0,3318.0
2735,Parsian,20221228,3499.0,3322.0,3402.0,82487196032,24246195,1095,D,3334.0,3387.0
2736,Parsian,20221231,3365.0,3165.0,3213.0,40957938466,12746215,884,D,3402.0,3185.0
2737,Parsian,20230101,3249.0,3018.0,3083.0,29467472088,9557235,829,D,3213.0,3089.0
2738,Parsian,20230102,3147.0,3066.0,3093.0,33189537823,10730966,770,D,3083.0,3089.0
2739,Parsian,20230103,3150.0,3035.0,3078.0,22387868089,7273844,555,D,3093.0,3056.0
2740,Parsian,20230104,3293.0,3000.0,3228.0,86960592264,26943162,1520,D,3078.0,3293.0
2741,Parsian,20230107,3453.0,3300.0,3423.0,203174339409,59350519,2601,D,3228.0,3453.0
2742,Parsian,20230108,3662.0,3520.0,3636.0,58901001649,16199554,646,D,3423.0,3662.0
2743,Parsian,20230109,3890.0,3700.0,3847.0,167968728781,43666439,2538,D,3636.0,3890.0
2744,Parsian,20230110,4095.0,3704.0,3922.0,171099840650,43629941,3088,D,3847.0,3801.0
2745,Parsian,20230111,3917.0,3648.0,3685.0,122357432502,33203359,2233,D,3922.0,3648.0
2746,Parsian,20230114,3593.0,3428.0,3492.0,93191007239,26690514,1772,D,3685.0,3490.0
2747,Parsian,20230116,3736.0,3500.0,3695.0,129929230729,35160961,1691,D,3492.0,3736.0
2748,Parsian,20230117,3900.0,3672.0,3782.0,95752827296,25316701,2067,D,3695.0,3811.0
2749,Parsian,20230118,3910.0,3780.0,3839.0,41193221190,10730303,940,D,3782.0,3780.0
2750,Parsian,20230121,3880.0,3571.0,3638.0,44899215641,12342269,1124,D,3839.0,3571.0
2751,Parsian,20230122,3700.0,3495.0,3579.0,31687112393,8852526,793,D,3638.0,3599.0
2752,Parsian,20230123,3677.0,3380.0,3531.0,30479160421,8631273,705,D,3579.0,3470.0
2753,Parsian,20230124,3778.0,3471.0,3737.0,88772675732,23756122,1262,D,3531.0,3778.0
2754,Parsian,20230125,3834.0,3560.0,3690.0,53604048123,14528589,1256,D,3737.0,3698.0
